uf20-01000 94400 -1 2 -3 4 5 -6 7 -8 9 -10 -11 -12 -13 -14 -15 16 17 -18 19 -20 0
uf20-0100 144550 -1 2 3 4 5 -6 7 8 9 -10 -11 12 13 14 15 16 -17 -18 19 20 0
uf20-0101 112101 1 -2 -3 4 -5 6 -7 8 -9 10 -11 -12 -13 14 15 16 17 -18 19 20 0
uf20-0102 135701 1 2 -3 4 -5 6 7 8 9 10 -11 12 13 14 15 -16 -17 -18 19 -20 0
uf20-0103 129800 -1 2 3 4 5 -6 -7 -8 9 -10 11 -12 13 -14 15 16 -17 18 19 -20 0
uf20-0104 125432 1 2 -3 4 5 6 -7 8 9 -10 11 -12 13 14 -15 16 -17 18 -19 20 0
uf20-0105 94400 -1 -2 -3 -4 -5 6 -7 8 9 -10 -11 12 -13 -14 15 -16 17 -18 19 20 0
uf20-0106 106200 -1 -2 -3 -4 5 -6 -7 8 -9 10 11 12 -13 14 -15 -16 -17 18 19 20 0
uf20-0107 129800 -1 2 3 4 -5 -6 7 -8 9 10 -11 12 -13 -14 15 -16 17 -18 19 20 0
uf20-0108 106200 1 2 -3 4 5 6 -7 8 9 -10 -11 -12 13 14 15 16 17 -18 19 -20 0
uf20-0109 100300 1 -2 3 4 5 -6 7 -8 9 -10 11 -12 -13 -14 -15 -16 17 -18 19 -20 0
uf20-010 129802 -1 -2 3 4 5 6 -7 8 9 -10 -11 12 13 14 15 16 -17 -18 19 20 0
uf20-0110 113708 1 -2 3 4 5 6 7 8 9 -10 11 -12 13 14 15 16 17 18 19 -20 0
uf20-0111 122213 1 2 3 4 5 6 7 8 9 -10 -11 12 -13 14 15 16 -17 -18 19 -20 0
uf20-0112 143286 -1 2 3 4 5 6 7 -8 -9 10 11 -12 13 14 15 16 17 -18 19 -20 0
uf20-0113 129800 1 -2 3 -4 -5 6 7 8 9 10 11 -12 -13 14 -15 -16 17 -18 19 -20 0
uf20-0114 115275 -1 2 3 4 5 6 -7 -8 -9 -10 -11 -12 13 14 15 16 -17 18 19 20 0
uf20-0115 87025 1 -2 3 -4 5 -6 -7 -8 9 10 11 -12 -13 -14 15 16 -17 18 -19 -20 0
uf20-0116 90469 -1 2 3 -4 5 -6 -7 8 9 -10 11 12 13 -14 -15 16 17 -18 -19 -20 0
uf20-0117 112100 1 -2 -3 4 -5 6 7 -8 -9 10 11 12 -13 -14 -15 -16 17 18 19 -20 0
uf20-0118 113575 1 -2 -3 4 5 -6 7 8 9 10 11 -12 13 14 -15 16 17 -18 19 -20 0
uf20-0119 82601 1 -2 3 -4 5 6 7 -8 -9 -10 -11 -12 -13 14 -15 16 -17 18 -19 -20 0
uf20-011 108168 1 2 -3 4 -5 6 -7 -8 -9 10 -11 -12 -13 14 15 16 17 18 19 20 0
uf20-0120 125634 1 -2 3 4 5 6 7 -8 -9 10 11 12 -13 -14 15 16 17 18 -19 -20 0
uf20-0121 126850 1 -2 3 -4 -5 6 7 8 9 -10 -11 12 13 -14 15 16 17 18 -19 20 0
uf20-0122 165201 1 2 3 4 5 6 7 8 9 10 -11 12 -13 14 -15 -16 17 18 19 -20 0
uf20-0123 147500 1 2 3 4 -5 -6 -7 8 9 -10 -11 12 13 14 15 -16 17 18 -19 20 0
uf20-0124 118810 1 2 3 4 5 6 7 -8 9 10 11 12 13 14 -15 -16 -17 -18 19 -20 0
uf20-0125 129800 1 2 3 4 5 6 7 -8 -9 10 11 12 13 14 -15 -16 17 -18 19 20 0
uf20-0126 66871 -1 -2 -3 -4 5 6 7 8 9 10 11 12 -13 14 -15 16 -17 -18 -19 20 0
uf20-0127 101774 1 -2 3 -4 -5 6 7 -8 9 -10 11 -12 13 14 -15 16 -17 18 -19 20 0
uf20-0128 125868 -1 -2 3 4 -5 6 7 8 -9 10 11 12 13 14 15 -16 -17 -18 -19 20 0
uf20-0129 119686 1 -2 3 4 5 6 -7 8 9 10 -11 -12 -13 14 -15 -16 17 -18 19 20 0
uf20-012 101650 1 2 -3 4 -5 6 -7 8 9 -10 -11 12 13 14 15 -16 17 -18 19 -20 0
uf20-0130 76701 1 -2 -3 -4 5 -6 -7 -8 -9 10 -11 12 -13 -14 15 16 -17 18 -19 20 0
uf20-0131 140016 1 2 3 4 5 -6 7 -8 9 10 -11 12 13 14 15 16 17 18 -19 20 0
uf20-0132 153400 1 2 3 4 5 6 -7 8 -9 10 11 12 -13 -14 -15 -16 17 18 19 -20 0
uf20-0133 122720 -1 2 3 4 -5 6 -7 -8 9 10 11 12 13 14 -15 16 17 -18 -19 20 0
uf20-0134 113655 1 2 -3 -4 5 -6 7 -8 9 10 11 12 -13 14 -15 -16 17 18 -19 20 0
uf20-0135 135700 -1 2 3 -4 -5 -6 7 -8 -9 10 11 12 13 14 -15 -16 17 18 19 20 0
uf20-0136 163234 1 -2 3 -4 5 6 7 -8 9 10 11 -12 13 14 15 16 17 -18 19 20 0
uf20-0137 67200 -1 2 3 4 -5 6 7 -8 9 10 -11 -12 13 14 -15 16 -17 18 -19 -20 0
uf20-0138 121934 -1 -2 3 4 -5 -6 7 8 -9 10 11 -12 13 -14 15 16 17 -18 19 -20 0
uf20-0139 64664 -1 2 3 -4 -5 6 7 -8 -9 -10 11 -12 -13 -14 -15 16 -17 18 19 20 0
uf20-013 73750 -1 -2 -3 -4 5 -6 7 8 9 -10 -11 12 -13 -14 -15 16 -17 -18 -19 20 0
uf20-0140 96760 -1 2 -3 -4 5 -6 7 8 9 10 -11 -12 -13 14 15 -16 -17 18 19 20 0
uf20-0141 106200 -1 2 -3 -4 -5 6 -7 -8 9 -10 -11 12 -13 14 15 -16 17 -18 19 20 0
uf20-0142 117260 1 2 -3 -4 -5 -6 7 8 -9 -10 11 12 13 14 15 -16 17 -18 19 20 0
uf20-0143 121671 -1 2 3 4 5 6 7 8 -9 10 11 12 -13 14 15 16 -17 -18 19 -20 0
uf20-0144 71081 -1 -2 3 -4 -5 -6 -7 -8 9 -10 11 12 13 -14 -15 16 17 18 -19 20 0
uf20-0145 118001 1 2 3 -4 5 -6 -7 8 9 10 -11 12 13 -14 15 16 17 -18 -19 -20 0
uf20-0146 111256 -1 -2 -3 4 5 6 7 -8 -9 10 11 -12 13 -14 15 -16 -17 18 19 20 0
uf20-0147 135700 1 2 3 -4 5 -6 7 8 -9 10 -11 -12 13 14 15 16 -17 18 -19 -20 0
uf20-0148 121935 1 -2 3 -4 5 -6 7 8 -9 10 11 -12 -13 -14 15 -16 17 18 19 20 0
uf20-0149 88500 -1 -2 -3 4 5 6 -7 -8 9 -10 -11 12 -13 -14 15 16 17 -18 19 -20 0
uf20-014 123901 1 2 3 4 5 6 -7 -8 -9 10 11 12 13 -14 -15 -16 -17 18 19 -20 0
uf20-0150 95580 1 2 3 4 -5 -6 -7 8 -9 -10 -11 -12 -13 14 15 16 -17 18 19 -20 0
uf20-0151 145535 1 2 -3 4 5 6 7 8 9 10 11 -12 13 -14 15 16 -17 18 -19 20 0
uf20-0152 81210 -1 2 3 -4 5 6 7 8 -9 -10 -11 12 -13 14 -15 16 17 -18 -19 -20 0
uf20-0153 107287 1 2 -3 -4 -5 6 7 8 9 10 11 -12 13 14 15 -16 17 18 -19 -20 0
uf20-0154 61139 1 -2 3 -4 5 6 7 8 9 10 -11 12 13 14 -15 -16 17 18 -19 -20 0
uf20-0155 49934 1 2 3 4 -5 6 -7 8 9 10 11 -12 -13 14 15 16 -17 18 -19 20 0
uf20-0156 29981 -1 -2 3 4 5 6 7 -8 9 -10 -11 -12 -13 -14 15 -16 -17 18 -19 20 0
uf20-0157 32137 -1 2 3 4 -5 -6 -7 -8 9 10 -11 12 -13 14 -15 16 -17 -18 -19 -20 0
uf20-0158 34938 -1 2 -3 4 5 6 -7 -8 9 -10 -11 12 13 14 -15 16 17 18 19 20 0
uf20-0159 44341 -1 2 -3 4 5 -6 7 -8 9 10 -11 -12 13 14 -15 16 17 -18 -19 20 0
uf20-015 30985 -1 -2 -3 4 5 6 7 -8 9 10 11 -12 13 14 15 16 -17 18 -19 -20 0
uf20-0160 56437 1 2 -3 4 5 6 7 8 -9 -10 11 -12 13 -14 -15 16 17 18 -19 20 0
uf20-0161 50323 1 2 -3 4 5 6 7 8 -9 10 -11 12 13 -14 15 16 -17 18 -19 -20 0
uf20-0162 47668 1 2 -3 -4 5 6 7 -8 9 10 -11 12 -13 14 15 16 17 -18 19 -20 0
uf20-0163 48952 1 2 3 -4 -5 6 -7 -8 9 -10 -11 12 13 14 15 -16 17 18 19 20 0
uf20-0164 35331 1 -2 3 -4 -5 6 7 8 9 -10 11 12 13 -14 -15 -16 17 -18 -19 20 0
uf20-0165 55260 1 2 3 -4 5 -6 -7 8 9 10 11 -12 13 14 15 -16 17 18 19 20 0
uf20-0166 56437 1 2 3 4 -5 6 7 -8 -9 10 -11 12 -13 -14 -15 16 17 18 19 20 0
uf20-0167 39976 -1 -2 3 -4 -5 -6 -7 8 9 10 11 12 13 14 15 -16 -17 -18 -19 -20 0
uf20-0168 41151 1 -2 3 -4 5 6 -7 -8 -9 10 11 -12 -13 -14 -15 16 17 18 19 -20 0
uf20-0169 46402 -1 -2 3 4 5 6 -7 8 9 10 11 -12 13 -14 -15 16 17 18 -19 -20 0
uf20-016 48911 -1 2 -3 4 -5 6 -7 8 9 -10 11 12 13 14 15 -16 -17 18 -19 20 0
uf20-0170 56437 -1 2 3 4 5 -6 7 8 9 -10 11 12 13 14 -15 16 17 -18 19 -20 0
uf20-0171 49168 -1 2 -3 4 5 6 7 -8 9 -10 11 12 13 -14 -15 16 -17 18 -19 20 0
uf20-0172 37624 -1 -2 -3 -4 -5 -6 -7 -8 9 -10 11 12 -13 -14 15 16 -17 18 19 20 0
uf20-0173 32136 1 -2 -3 4 -5 6 7 8 -9 -10 -11 -12 13 14 15 -16 -17 18 -19 20 0
uf20-0174 54084 1 -2 3 4 5 6 -7 8 -9 10 -11 12 13 -14 -15 -16 17 18 19 20 0
uf20-0175 45149 1 2 -3 -4 -5 6 -7 8 9 10 -11 12 13 14 -15 16 -17 18 -19 -20 0
uf20-0176 28218 -1 -2 -3 4 -5 6 -7 -8 -9 -10 -11 12 -13 -14 -15 -16 17 18 -19 20 0
uf20-0177 47030 -1 -2 -3 4 -5 6 7 -8 9 -10 11 -12 -13 14 -15 16 17 18 19 20 0
uf20-0178 35274 -1 2 -3 -4 5 -6 -7 8 9 -10 11 12 -13 -14 15 -16 -17 -18 19 20 0
uf20-0179 54868 1 -2 -3 4 5 6 7 8 9 10 -11 -12 13 -14 15 -16 17 18 -19 20 0
uf20-017 57612 1 -2 3 4 -5 -6 -7 8 9 10 11 12 -13 -14 15 16 17 18 19 20 0
uf20-0180 54085 1 2 3 4 -5 -6 7 8 9 10 11 12 -13 -14 15 -16 -17 -18 -19 20 0
uf20-0181 48597 -1 2 -3 4 -5 6 7 8 9 -10 -11 12 13 14 15 16 -17 -18 19 20 0
uf20-0182 38967 -1 2 3 4 5 6 -7 -8 9 -10 11 -12 -13 14 15 -16 -17 -18 19 -20 0
uf20-0183 40759 1 -2 3 4 -5 6 -7 8 -9 -10 -11 -12 -13 14 -15 16 -17 18 19 20 0
uf20-0184 43266 -1 2 3 -4 5 6 7 -8 9 10 11 -12 -13 14 15 16 -17 -18 -19 -20 0
uf20-0185 51733 -1 -2 -3 4 5 6 7 8 -9 -10 11 -12 -13 14 15 16 17 -18 19 -20 0
uf20-0186 55652 -1 2 3 -4 5 6 7 8 9 10 -11 12 -13 14 15 16 17 18 -19 -20 0
uf20-0187 25150 -1 2 -3 -4 -5 6 -7 -8 -9 -10 11 -12 -13 14 15 -16 17 18 19 20 0
uf20-0188 39976 -1 -2 3 4 5 6 -7 -8 9 -10 11 12 13 14 15 -16 -17 -18 19 -20 0
uf20-0189 30236 1 -2 3 4 -5 -6 7 -8 9 -10 11 -12 13 -14 15 -16 17 18 19 20 0
uf20-018 61139 -1 2 3 -4 5 -6 -7 8 9 -10 -11 12 13 14 15 16 -17 18 19 20 0
uf20-0190 47391 1 -2 3 4 -5 -6 7 8 -9 10 -11 12 13 14 15 16 17 -18 19 20 0
uf20-0191 49382 -1 2 3 -4 -5 -6 7 -8 9 10 -11 -12 -13 14 15 16 17 -18 19 20 0
uf20-0192 30570 -1 -2 -3 -4 5 -6 -7 8 -9 -10 -11 -12 -13 -14 15 16 17 18 -19 20 0
uf20-0193 44679 -1 -2 -3 4 -5 -6 -7 8 -9 -10 11 12 -13 14 15 16 17 18 -19 20 0
uf20-0194 42013 -1 -2 -3 -4 5 6 7 -8 9 -10 -11 -12 13 14 15 16 -17 18 19 20 0
uf20-0195 53952 1 -2 3 4 5 -6 7 8 9 10 -11 -12 13 14 15 16 -17 18 -19 20 0
uf20-0196 41152 1 2 3 -4 -5 -6 -7 -8 9 -10 -11 12 13 14 15 16 -17 -18 19 20 0
uf20-0197 56436 1 2 -3 -4 5 -6 7 8 -9 10 -11 -12 13 14 15 -16 17 -18 19 20 0
uf20-0198 47030 1 -2 -3 4 5 -6 7 8 -9 10 -11 12 13 -14 -15 16 17 -18 19 -20 0
uf20-0199 54086 -1 2 -3 -4 -5 6 7 8 9 10 11 -12 -13 14 15 16 17 -18 19 20 0
uf20-019 49382 -1 -2 3 4 5 -6 -7 8 9 -10 11 12 13 14 -15 -16 -17 18 19 -20 0
uf20-01 34684 1 -2 -3 4 -5 6 -7 -8 -9 10 -11 -12 13 14 15 -16 17 -18 -19 20 0
uf20-0200 32923 1 -2 3 -4 5 -6 7 -8 9 -10 -11 -12 13 -14 15 16 17 18 -19 20 0
uf20-0201 39976 -1 -2 3 4 5 -6 7 -8 9 10 11 -12 13 -14 -15 -16 17 18 -19 -20 0
uf20-0202 41387 -1 -2 3 -4 5 -6 7 -8 9 10 11 12 -13 14 15 -16 -17 -18 19 20 0
uf20-0203 39976 1 -2 -3 -4 -5 6 -7 8 9 -10 11 12 -13 -14 15 -16 17 -18 19 -20 0
uf20-0204 42326 -1 2 3 4 5 6 7 8 9 10 -11 -12 13 -14 -15 -16 -17 18 19 -20 0
uf20-0205 42327 -1 2 3 -4 -5 -6 7 8 9 -10 11 12 13 -14 -15 16 17 18 -19 -20 0
uf20-0206 60617 1 2 3 4 5 6 7 -8 -9 10 11 12 13 14 15 -16 17 18 -19 -20 0
uf20-0207 44679 1 -2 -3 -4 -5 -6 7 8 9 10 -11 12 13 14 -15 -16 17 -18 19 -20 0
uf20-0208 44358 1 2 -3 4 5 6 -7 8 9 -10 11 12 -13 -14 -15 16 17 18 -19 20 0
uf20-0209 49382 1 2 3 -4 -5 -6 7 -8 9 -10 11 12 13 14 -15 -16 -17 18 19 -20 0
uf20-020 37623 1 2 -3 4 -5 6 -7 -8 -9 -10 11 -12 -13 -14 15 16 17 18 -19 20 0
uf20-0210 24015 -1 -2 -3 4 5 -6 7 -8 -9 -10 -11 12 13 14 -15 16 17 18 19 -20 0
uf20-0211 48909 1 2 -3 4 -5 -6 7 8 -9 -10 11 12 13 -14 15 16 17 -18 19 20 0
uf20-0212 33169 1 2 3 4 -5 6 -7 8 -9 10 -11 -12 13 14 -15 -16 17 18 -19 -20 0
uf20-0213 40445 1 2 3 -4 5 6 -7 -8 9 -10 11 -12 -13 -14 15 -16 17 18 -19 -20 0
uf20-0214 65842 1 2 -3 4 5 6 -7 -8 9 10 11 -12 13 14 15 -16 17 18 -19 20 0
uf20-0215 45808 1 2 3 4 5 6 7 -8 -9 10 11 12 13 -14 15 16 -17 18 19 20 0
uf20-0216 56437 1 -2 3 4 -5 -6 7 8 9 10 -11 12 13 14 -15 -16 17 18 19 -20 0
uf20-0217 53749 -1 -2 -3 -4 5 6 7 8 9 -10 11 12 -13 14 15 16 -17 18 19 20 0
uf20-0218 48550 -1 2 -3 -4 5 6 7 8 9 10 11 12 13 14 -15 -16 17 18 -19 20 0
uf20-0219 37624 1 2 3 4 -5 6 -7 -8 -9 10 -11 -12 -13 14 -15 -16 17 -18 -19 -20 0
uf20-021 42329 1 2 3 -4 -5 6 -7 8 -9 -10 11 12 13 14 15 -16 -17 18 -19 -20 0
uf20-0220 40310 1 -2 3 4 -5 6 7 8 -9 10 -11 12 13 14 15 -16 17 -18 -19 -20 0
uf20-0221 64665 -1 2 3 4 -5 -6 7 8 9 -10 11 12 13 14 15 16 -17 18 19 20 0
uf20-0222 51732 1 -2 -3 4 5 6 -7 -8 9 -10 11 12 13 14 15 16 -17 18 -19 20 0
uf20-0223 50166 -1 2 3 -4 5 6 7 8 9 -10 -11 -12 -13 14 -15 16 17 18 -19 20 0
uf20-0224 35273 -1 2 -3 -4 5 6 7 -8 -9 -10 -11 12 -13 -14 15 -16 -17 -18 19 20 0
uf20-0225 18812 1 -2 -3 4 -5 -6 7 -8 -9 -10 -11 -12 -13 14 -15 -16 -17 -18 19 -20 0
uf20-0226 35274 -1 2 3 4 5 6 7 8 9 10 -11 12 13 14 -15 -16 17 -18 19 -20 0
uf20-0227 49118 1 2 3 -4 5 6 7 8 9 -10 -11 12 13 14 -15 16 17 -18 19 20 0
uf20-0228 51732 1 -2 -3 4 5 6 -7 8 -9 10 11 -12 -13 -14 15 16 17 18 19 -20 0
uf20-0229 52712 1 2 -3 4 5 6 7 -8 9 -10 -11 -12 13 14 15 -16 17 -18 19 20 0
uf20-022 32923 -1 2 -3 4 -5 -6 7 -8 9 -10 11 12 13 -14 -15 16 -17 -18 19 -20 0
uf20-0230 40445 1 2 -3 4 -5 6 7 8 9 -10 11 12 13 -14 15 16 -17 18 -19 20 0
uf20-0231 51733 -1 -2 -3 4 -5 6 -7 8 9 -10 11 12 -13 14 -15 16 17 -18 19 20 0
uf20-0232 54085 1 -2 -3 4 5 -6 7 8 -9 10 11 -12 13 -14 15 16 -17 18 19 -20 0
uf20-0233 49717 1 -2 3 4 5 -6 7 -8 9 -10 11 -12 -13 14 15 -16 17 18 19 -20 0
uf20-0234 53301 1 -2 3 4 5 6 -7 -8 9 -10 11 12 -13 14 -15 16 17 18 -19 20 0
uf20-0235 59049 1 2 3 4 5 -6 7 8 -9 10 11 12 13 14 -15 -16 -17 18 19 20 0
uf20-0236 63491 1 2 3 -4 -5 6 -7 8 9 -10 11 12 13 14 -15 16 17 -18 19 20 0
uf20-0237 38365 1 -2 -3 4 5 6 7 -8 -9 -10 11 -12 13 14 15 -16 -17 18 -19 20 0
uf20-0238 37625 1 2 3 4 -5 -6 -7 8 9 10 -11 -12 -13 -14 15 -16 17 -18 -19 -20 0
uf20-0239 32922 -1 2 3 4 5 -6 7 -8 -9 10 -11 12 13 14 15 16 -17 18 -19 -20 0
uf20-023 34097 -1 -2 3 4 -5 6 7 8 -9 10 -11 12 -13 -14 -15 16 17 18 -19 -20 0
uf20-0240 50949 -1 2 3 4 5 -6 7 8 9 -10 -11 -12 -13 14 -15 16 17 18 -19 20 0
uf20-0241 34631 -1 -2 -3 4 -5 -6 7 -8 -9 10 11 -12 -13 -14 15 -16 17 18 19 20 0
uf20-0242 51162 1 2 3 -4 -5 6 7 -8 -9 -10 -11 12 13 14 15 16 17 18 19 -20 0
uf20-0243 32138 -1 -2 -3 -4 -5 6 -7 8 -9 -10 11 -12 -13 14 15 16 17 -18 19 20 0
uf20-0244 47030 -1 -2 3 -4 -5 6 7 8 9 10 11 -12 -13 14 15 -16 17 18 -19 -20 0
uf20-0245 25867 1 -2 -3 -4 -5 -6 7 -8 -9 -10 11 12 -13 14 -15 -16 -17 -18 19 -20 0
uf20-0246 41089 1 2 -3 -4 -5 6 -7 8 9 10 -11 12 13 -14 -15 -16 17 18 19 20 0
uf20-0247 61139 1 -2 3 -4 5 -6 7 -8 -9 10 -11 12 13 14 15 16 17 18 -19 20 0
uf20-0248 61139 1 -2 3 -4 -5 6 7 8 9 10 11 -12 13 -14 15 -16 17 -18 19 20 0
uf20-0249 55496 -1 2 -3 -4 5 6 -7 8 -9 10 11 12 13 14 15 16 -17 18 19 20 0
uf20-024 44682 -1 -2 3 -4 -5 6 -7 8 9 10 11 -12 13 -14 15 16 17 18 19 20 0
uf20-0250 51285 -1 2 3 4 -5 -6 7 8 9 10 -11 12 13 14 15 16 17 -18 -19 20 0
uf20-0251 62706 1 -2 -3 4 5 6 7 8 -9 10 11 12 13 -14 -15 16 17 18 19 -20 0
uf20-0252 48336 1 2 3 -4 5 6 7 8 9 10 11 -12 13 -14 -15 -16 -17 18 -19 20 0
uf20-0253 58003 1 2 -3 4 5 6 -7 8 -9 -10 -11 12 -13 14 15 -16 17 18 19 20 0
uf20-0254 51732 -1 -2 3 4 5 -6 7 8 9 -10 -11 12 -13 14 15 16 -17 18 19 20 0
uf20-0255 45854 1 -2 -3 4 5 6 -7 -8 -9 -10 -11 12 13 14 15 16 -17 18 19 -20 0
uf20-0256 44983 1 -2 -3 4 5 6 -7 8 9 -10 11 12 -13 14 15 16 17 -18 -19 20 0
uf20-0257 35274 1 -2 -3 -4 5 -6 7 -8 -9 10 11 12 -13 -14 -15 -16 17 18 19 -20 0
uf20-0258 33349 1 -2 -3 4 5 -6 7 8 -9 -10 -11 12 13 14 -15 16 -17 -18 -19 20 0
uf20-0259 56771 1 2 -3 -4 5 6 7 8 9 10 11 12 13 14 15 -16 -17 18 -19 -20 0
uf20-025 75248 1 2 3 4 5 -6 7 -8 9 10 11 -12 -13 14 15 16 17 18 19 20 0
uf20-0260 28218 1 -2 3 -4 -5 -6 7 -8 9 -10 -11 12 -13 -14 15 -16 -17 -18 -19 -20 0
uf20-0261 47030 -1 -2 -3 4 5 -6 7 -8 9 10 -11 -12 13 -14 15 16 -17 18 19 20 0
uf20-0262 39976 1 -2 -3 4 -5 -6 -7 -8 9 -10 -11 12 -13 -14 15 16 17 18 -19 20 0
uf20-0263 34487 -1 -2 3 -4 -5 -6 -7 8 -9 -10 11 12 -13 14 -15 16 17 18 19 20 0
uf20-0264 58003 1 2 -3 4 -5 6 7 8 9 10 -11 -12 13 14 15 -16 -17 18 -19 20 0
uf20-0265 62419 1 2 3 4 5 6 7 -8 9 -10 11 12 13 14 15 -16 17 18 19 20 0
uf20-0266 48597 1 2 3 4 -5 -6 -7 8 9 10 11 -12 13 -14 -15 16 17 -18 19 -20 0
uf20-0267 51732 1 2 -3 -4 -5 -6 7 -8 9 -10 11 12 13 14 -15 16 17 18 19 20 0
uf20-0268 53613 1 2 3 -4 5 6 7 8 -9 -10 11 12 13 14 15 16 17 -18 -19 -20 0
uf20-0269 43030 1 -2 3 4 5 -6 -7 8 9 10 -11 12 13 -14 -15 16 17 18 19 20 0
uf20-026 49382 1 2 3 4 5 6 -7 -8 9 10 -11 -12 -13 14 -15 16 -17 -18 19 -20 0
uf20-0270 65842 1 -2 3 4 5 6 7 -8 9 -10 11 12 -13 -14 15 16 -17 18 19 20 0
uf20-0271 36743 1 -2 3 4 -5 -6 7 8 9 10 -11 12 -13 14 15 -16 17 18 -19 -20 0
uf20-0272 38345 1 -2 -3 4 -5 -6 7 -8 -9 10 11 12 13 14 -15 -16 17 18 19 20 0
uf20-0273 41699 1 2 3 -4 5 6 7 8 -9 10 11 -12 13 14 -15 -16 17 -18 -19 20 0
uf20-0274 51732 -1 2 3 4 -5 6 7 8 -9 -10 11 -12 13 -14 15 16 -17 -18 19 20 0
uf20-0275 34427 1 -2 3 -4 5 6 7 8 -9 -10 11 12 13 14 15 16 -17 18 -19 -20 0
uf20-0276 44497 -1 -2 -3 4 -5 6 7 -8 9 10 11 -12 13 14 15 -16 17 18 19 -20 0
uf20-0277 42688 1 2 3 -4 -5 6 7 -8 -9 10 11 -12 -13 -14 -15 -16 17 18 19 20 0
uf20-0278 16461 -1 -2 -3 -4 -5 -6 -7 -8 -9 -10 -11 12 -13 14 15 16 -17 -18 -19 -20 0
uf20-0279 62705 1 2 3 4 -5 6 7 8 9 -10 11 -12 13 14 15 -16 17 18 19 -20 0
uf20-027 49118 -1 2 3 -4 5 6 7 -8 9 10 11 12 -13 14 15 -16 -17 18 -19 20 0
uf20-0280 40758 -1 2 3 -4 -5 -6 7 8 -9 10 11 12 -13 14 15 -16 17 18 19 20 0
uf20-0281 50030 1 2 3 4 -5 6 -7 -8 9 10 11 -12 13 14 15 16 17 18 19 -20 0
uf20-0282 44679 -1 2 3 4 5 -6 7 8 9 -10 -11 -12 -13 -14 15 -16 17 18 19 -20 0
uf20-0283 47029 1 2 3 -4 -5 -6 7 -8 9 10 11 12 13 14 15 16 17 18 -19 20 0
uf20-0284 38407 1 2 -3 4 -5 6 7 -8 -9 -10 11 12 13 14 -15 -16 17 -18 19 -20 0
uf20-0285 37623 1 -2 3 -4 5 6 -7 -8 -9 -10 -11 12 -13 14 15 -16 17 -18 19 -20 0
uf20-0286 54085 1 2 -3 -4 5 6 7 -8 -9 -10 11 12 13 14 -15 16 17 -18 -19 20 0
uf20-0287 25211 1 2 3 -4 5 -6 7 8 -9 10 -11 -12 13 14 -15 -16 -17 18 -19 20 0
uf20-0288 21210 -1 -2 -3 -4 -5 6 7 8 9 -10 11 -12 -13 14 15 16 17 18 -19 -20 0
uf20-0289 27212 1 2 3 -4 5 6 -7 -8 9 10 -11 12 13 -14 -15 16 17 18 -19 -20 0
uf20-028 21210 1 -2 -3 4 5 -6 7 8 9 10 -11 -12 13 -14 -15 -16 17 -18 -19 20 0
uf20-0290 21609 -1 2 -3 -4 -5 6 -7 -8 -9 10 11 12 13 -14 15 -16 -17 18 19 -20 0
uf20-0291 33614 1 2 3 -4 5 6 7 -8 9 10 11 12 -13 14 15 16 17 18 -19 20 0
uf20-0292 23712 -1 -2 -3 -4 5 6 7 8 9 -10 11 12 13 14 15 16 -17 -18 -19 20 0
uf20-0293 27758 -1 2 -3 4 5 6 -7 8 9 10 11 -12 -13 14 15 16 17 -18 19 20 0
uf20-0294 24011 1 -2 3 4 -5 -6 -7 8 9 10 -11 12 -13 -14 15 16 17 -18 -19 20 0
uf20-0295 25211 1 2 3 -4 5 -6 7 -8 -9 10 11 -12 13 14 -15 -16 -17 -18 19 20 0
uf20-0296 17446 -1 2 3 4 -5 6 -7 -8 -9 10 11 12 -13 -14 -15 16 17 18 -19 -20 0
uf20-0297 18729 1 2 -3 4 5 -6 7 8 -9 -10 -11 12 -13 14 -15 -16 -17 -18 19 -20 0
uf20-0298 24412 1 -2 -3 -4 5 6 7 -8 9 10 -11 -12 -13 -14 15 16 17 18 19 20 0
uf20-0299 15848 1 -2 -3 4 -5 6 -7 -8 -9 -10 -11 -12 13 14 15 16 -17 -18 -19 20 0
uf20-029 7203 -1 -2 -3 -4 -5 -6 -7 -8 -9 -10 -11 -12 -13 -14 15 -16 -17 -18 19 20 0
uf20-02 18379 1 -2 -3 -4 5 6 7 8 9 -10 -11 12 -13 14 15 16 -17 -18 19 -20 0
uf20-0300 20411 -1 2 3 4 5 -6 7 8 9 -10 -11 12 13 14 -15 -16 -17 -18 19 -20 0
uf20-0301 19208 -1 2 -3 -4 -5 -6 7 -8 9 10 11 -12 -13 14 -15 -16 -17 18 -19 20 0
uf20-0302 23111 -1 2 -3 4 -5 -6 7 8 -9 10 11 12 -13 14 -15 -16 17 18 19 -20 0
uf20-0303 24011 1 -2 -3 4 -5 -6 -7 -8 9 10 11 12 13 14 -15 -16 17 -18 19 20 0
uf20-0304 24012 -1 -2 -3 4 -5 6 -7 8 9 10 -11 12 13 -14 15 16 17 18 19 -20 0
uf20-0305 24162 1 2 3 -4 -5 -6 7 8 -9 10 11 -12 13 -14 15 16 17 -18 -19 20 0
uf20-0306 14123 -1 2 -3 4 -5 -6 -7 8 -9 -10 11 -12 -13 -14 15 16 17 -18 -19 20 0
uf20-0307 19736 1 2 -3 -4 5 -6 7 8 9 10 11 -12 13 -14 -15 16 -17 -18 -19 20 0
uf20-0308 28213 1 -2 3 -4 5 6 7 8 9 10 -11 -12 13 -14 15 16 17 -18 -19 20 0
uf20-0309 19071 1 -2 3 4 -5 -6 7 -8 9 -10 11 -12 13 -14 15 16 17 18 -19 20 0
uf20-030 26974 1 2 3 4 -5 6 7 8 9 -10 -11 -12 13 -14 15 16 17 -18 19 20 0
uf20-0310 24811 1 2 3 4 5 -6 7 -8 -9 10 11 -12 13 14 -15 16 -17 -18 -19 -20 0
uf20-0311 29295 -1 2 3 4 -5 -6 7 -8 9 10 11 12 13 14 -15 16 17 18 19 20 0
uf20-0312 16807 -1 -2 -3 -4 5 -6 -7 -8 9 10 11 -12 -13 14 -15 16 17 -18 -19 -20 0
uf20-0313 24011 -1 2 3 4 5 6 7 -8 -9 -10 11 -12 13 -14 -15 16 17 -18 -19 20 0
uf20-0314 23847 1 -2 -3 4 5 6 7 -8 -9 -10 11 -12 13 14 15 16 17 18 -19 20 0
uf20-0315 22482 1 -2 3 4 -5 -6 7 -8 -9 10 11 12 -13 14 -15 16 -17 18 -19 20 0
uf20-0316 19209 1 2 3 -4 -5 -6 -7 8 -9 10 -11 -12 -13 14 -15 16 -17 18 19 -20 0
uf20-0317 16010 1 -2 3 -4 -5 -6 7 -8 9 10 -11 -12 13 14 -15 16 17 18 -19 -20 0
uf20-0318 26814 1 2 -3 4 -5 6 -7 -8 9 10 11 12 13 14 -15 16 17 -18 19 20 0
uf20-0319 23054 1 2 3 -4 5 6 7 -8 9 10 -11 12 13 14 -15 -16 17 18 -19 20 0
uf20-031 24010 1 2 3 -4 -5 6 -7 8 9 10 11 -12 -13 -14 -15 16 17 -18 -19 -20 0
uf20-0320 28574 1 -2 -3 4 5 6 7 -8 9 10 11 -12 -13 -14 15 16 17 18 19 20 0
uf20-0321 22210 -1 -2 -3 4 5 6 -7 -8 9 -10 -11 12 13 14 15 16 17 -18 -19 -20 0
uf20-0322 26411 -1 2 3 -4 5 6 -7 8 9 10 11 -12 -13 14 -15 16 -17 18 -19 -20 0
uf20-0323 24414 -1 2 3 -4 5 -6 7 8 9 10 -11 -12 13 14 15 16 17 -18 19 20 0
uf20-0324 24811 1 2 3 -4 5 -6 7 -8 -9 10 11 -12 13 -14 15 -16 -17 18 19 -20 0
uf20-0325 32015 -1 2 3 -4 5 6 7 8 9 10 -11 12 13 -14 15 16 -17 18 19 20 0
uf20-0326 19809 -1 2 3 -4 5 6 -7 8 -9 -10 11 -12 -13 14 -15 -16 -17 -18 19 20 0
uf20-0327 23694 1 -2 -3 4 5 6 7 8 9 10 11 -12 13 -14 -15 16 -17 18 -19 -20 0
uf20-0328 14406 -1 2 -3 -4 5 -6 -7 -8 -9 -10 11 -12 -13 -14 15 16 17 -18 -19 -20 0
uf20-0329 20009 -1 -2 3 -4 -5 6 7 -8 9 -10 11 -12 -13 14 15 -16 -17 -18 19 20 0
uf20-032 21609 1 2 -3 4 5 -6 -7 8 -9 -10 -11 -12 13 14 -15 -16 17 -18 -19 20 0
uf20-0330 13206 -1 -2 -3 -4 -5 6 7 -8 -9 -10 11 -12 -13 14 -15 16 -17 -18 -19 20 0
uf20-0331 22411 1 2 -3 4 5 -6 7 -8 9 10 11 -12 13 -14 15 -16 -17 -18 19 -20 0
uf20-0332 15007 1 -2 -3 -4 5 6 -7 -8 -9 -10 -11 12 -13 14 -15 16 -17 18 -19 -20 0
uf20-0333 26411 1 -2 3 4 5 6 -7 8 9 -10 11 -12 -13 -14 15 16 -17 -18 -19 20 0
uf20-0334 16153 -1 2 -3 4 -5 6 -7 -8 9 -10 11 12 13 14 -15 -16 -17 -18 -19 20 0
uf20-0335 19811 -1 -2 -3 4 5 6 7 8 9 10 -11 -12 -13 14 -15 -16 17 -18 19 20 0
uf20-0336 16807 1 -2 -3 -4 -5 -6 -7 -8 -9 10 11 -12 13 -14 15 -16 -17 -18 19 20 0
uf20-0337 27613 1 2 3 -4 -5 6 7 -8 9 -10 -11 -12 13 14 15 16 17 -18 19 20 0
uf20-0338 17613 1 -2 -3 4 5 -6 7 -8 9 -10 11 12 13 14 15 16 -17 18 -19 20 0
uf20-0339 24012 -1 2 -3 4 -5 6 7 -8 9 -10 -11 -12 13 14 15 16 -17 18 19 20 0
uf20-033 14842 -1 -2 -3 4 -5 -6 7 -8 -9 10 11 -12 13 14 15 16 -17 -18 -19 -20 0
uf20-0340 18064 -1 -2 3 -4 -5 -6 7 8 9 -10 -11 12 13 -14 -15 16 17 -18 19 20 0
uf20-0341 32880 1 2 3 4 5 6 7 8 9 10 11 12 13 14 -15 16 -17 18 19 20 0
uf20-0342 16808 -1 2 -3 -4 -5 -6 -7 8 -9 10 11 12 -13 -14 -15 16 -17 18 19 -20 0
uf20-0343 25211 -1 -2 -3 -4 5 -6 7 8 -9 10 -11 12 13 -14 15 -16 17 18 19 20 0
uf20-0344 29613 1 2 3 4 5 -6 -7 -8 9 10 11 12 13 -14 -15 -16 17 18 -19 20 0
uf20-0345 19210 -1 -2 3 4 -5 6 7 -8 9 10 -11 -12 13 -14 -15 16 17 -18 19 -20 0
uf20-0346 16009 1 2 -3 -4 5 6 -7 -8 9 -10 -11 -12 -13 -14 -15 16 17 18 -19 20 0
uf20-0347 26653 1 2 3 -4 -5 6 7 8 9 -10 11 -12 -13 14 15 16 -17 -18 19 20 0
uf20-0348 34815 -1 2 3 4 5 -6 -7 8 9 10 -11 12 13 -14 15 16 17 18 19 20 0
uf20-0349 20112 1 -2 -3 -4 5 6 -7 8 9 10 11 12 -13 -14 15 -16 17 -18 19 20 0
uf20-034 22412 1 2 -3 -4 5 -6 7 8 -9 10 11 12 13 -14 15 16 -17 18 19 -20 0
uf20-0350 14407 1 -2 -3 4 -5 -6 -7 -8 -9 -10 -11 12 13 14 15 -16 -17 18 -19 -20 0
uf20-0351 30014 1 2 3 4 5 -6 7 8 9 -10 -11 12 13 -14 15 16 -17 18 19 -20 0
uf20-0352 26012 -1 2 -3 4 5 6 -7 8 -9 -10 -11 12 13 14 15 16 17 -18 -19 20 0
uf20-0353 25986 -1 2 3 -4 5 -6 -7 8 9 10 11 -12 -13 14 15 16 -17 18 19 20 0
uf20-0354 19209 1 2 -3 -4 -5 6 7 8 -9 -10 11 12 -13 14 -15 16 -17 -18 -19 -20 0
uf20-0355 30014 1 -2 3 4 5 6 7 8 -9 -10 11 12 13 -14 15 16 -17 18 -19 20 0
uf20-0356 19209 1 2 -3 -4 5 6 7 8 -9 -10 -11 -12 -13 -14 15 16 -17 18 -19 -20 0
uf20-0357 22810 -1 -2 3 -4 -5 6 -7 -8 -9 10 11 12 13 -14 -15 -16 17 18 19 20 0
uf20-0358 24564 1 2 3 4 5 6 -7 -8 9 -10 11 12 -13 14 -15 16 -17 18 19 20 0
uf20-0359 19727 1 2 -3 4 5 -6 7 8 -9 10 -11 12 13 -14 -15 16 -17 -18 19 -20 0
uf20-035 23532 1 2 3 -4 5 6 -7 -8 9 10 11 -12 -13 -14 -15 16 17 18 19 -20 0
uf20-0360 25694 1 2 3 4 5 6 -7 8 9 10 11 -12 -13 -14 15 16 -17 -18 19 20 0
uf20-0361 20010 -1 -2 3 4 5 -6 -7 8 -9 -10 -11 -12 13 14 15 -16 17 -18 19 20 0
uf20-0362 21265 1 2 3 -4 5 6 7 -8 9 -10 -11 12 13 -14 -15 -16 -17 -18 19 20 0
uf20-0363 22415 1 2 -3 4 5 -6 7 8 9 10 11 12 13 14 15 16 -17 -18 19 20 0
uf20-0364 24011 1 2 3 -4 5 6 -7 8 -9 10 -11 -12 13 -14 15 -16 17 -18 19 -20 0
uf20-0365 25513 -1 -2 -3 -4 5 6 7 8 -9 10 11 12 13 14 15 -16 -17 18 19 20 0
uf20-0366 20410 1 2 -3 -4 -5 -6 7 8 9 -10 -11 -12 -13 14 -15 16 17 18 19 -20 0
uf20-0367 14407 1 2 -3 -4 -5 -6 -7 8 -9 -10 11 12 -13 14 -15 -16 -17 18 -19 -20 0
uf20-0368 20811 -1 -2 3 -4 5 -6 7 -8 9 10 11 12 -13 14 -15 16 17 -18 19 -20 0
uf20-0369 20009 -1 2 3 -4 -5 -6 7 8 -9 10 -11 -12 -13 -14 -15 -16 17 18 19 20 0
uf20-036 23413 -1 -2 3 -4 5 6 -7 8 9 10 -11 -12 13 14 15 16 17 18 -19 20 0
uf20-0370 20010 1 2 3 4 -5 -6 -7 -8 9 10 -11 -12 -13 14 -15 16 17 18 -19 -20 0
uf20-0371 18012 1 2 -3 -4 5 6 7 -8 9 10 -11 12 -13 14 15 16 -17 -18 -19 20 0
uf20-0372 23693 1 2 -3 4 5 -6 -7 -8 9 -10 -11 12 13 14 15 -16 17 18 19 20 0
uf20-0373 20760 1 2 3 4 -5 -6 -7 8 9 10 -11 12 13 14 -15 -16 -17 -18 -19 20 0
uf20-0374 22810 1 -2 -3 -4 5 6 7 8 -9 10 11 -12 -13 -14 -15 16 -17 18 -19 20 0
uf20-0375 17251 1 -2 -3 4 5 -6 -7 -8 9 -10 11 12 -13 -14 15 16 -17 18 19 -20 0
uf20-0376 27212 -1 -2 -3 4 5 6 7 8 9 10 11 12 13 -14 -15 -16 17 -18 19 -20 0
uf20-0377 24276 1 -2 -3 -4 5 -6 7 -8 9 -10 11 12 13 14 15 16 -17 18 19 20 0
uf20-0378 22811 -1 2 3 -4 -5 6 7 8 9 -10 -11 12 -13 14 -15 16 17 -18 19 -20 0
uf20-0379 25211 -1 2 -3 4 -5 6 7 -8 9 -10 11 -12 13 -14 -15 16 17 -18 19 20 0
uf20-037 24010 -1 2 -3 -4 -5 6 7 8 9 10 -11 -12 -13 14 -15 16 -17 18 -19 20 0
uf20-0380 11107 1 -2 -3 -4 5 6 -7 8 -9 10 -11 -12 -13 -14 15 16 -17 -18 -19 -20 0
uf20-0381 29214 1 2 3 -4 5 6 7 -8 9 -10 -11 -12 13 14 15 16 -17 18 19 20 0
uf20-0382 17313 -1 -2 3 4 5 -6 -7 8 9 -10 11 -12 -13 -14 -15 16 17 -18 19 20 0
uf20-0383 19209 -1 -2 3 -4 -5 6 -7 -8 9 10 -11 -12 13 14 -15 16 17 -18 -19 20 0
uf20-0384 22981 1 2 -3 4 5 -6 -7 8 -9 -10 11 -12 13 -14 15 16 17 -18 19 -20 0
uf20-0385 24011 1 -2 3 4 5 6 7 -8 9 -10 -11 -12 13 -14 -15 16 -17 18 -19 20 0
uf20-0386 32414 1 2 -3 4 5 6 7 8 -9 10 11 12 13 -14 -15 -16 17 -18 19 20 0
uf20-0387 18848 1 2 -3 -4 -5 -6 -7 8 9 -10 11 -12 -13 14 15 16 17 18 -19 20 0
uf20-0388 21610 1 2 3 4 -5 -6 -7 -8 9 10 -11 12 -13 14 15 -16 -17 18 -19 -20 0
uf20-0389 18009 1 2 -3 -4 -5 6 7 -8 -9 -10 -11 12 -13 -14 15 16 17 18 -19 -20 0
uf20-038 17769 1 -2 3 4 -5 6 7 -8 -9 10 -11 12 -13 14 15 -16 17 18 19 -20 0
uf20-0390 15368 -1 2 3 -4 -5 -6 -7 -8 9 10 -11 -12 13 -14 -15 -16 17 18 19 -20 0
uf20-0391 26413 1 2 3 -4 5 6 -7 -8 9 10 11 12 -13 14 -15 -16 17 -18 19 20 0
uf20-0392 22572 -1 -2 -3 4 5 -6 7 8 -9 10 11 12 13 -14 15 -16 17 -18 19 20 0
uf20-0393 25513 1 2 3 4 -5 6 -7 8 9 10 11 12 13 14 -15 16 -17 -18 -19 -20 0
uf20-0394 19691 1 2 -3 4 -5 -6 7 8 9 -10 11 12 13 -14 -15 -16 -17 18 -19 20 0
uf20-0395 32345 1 2 3 4 5 -6 7 8 9 -10 -11 12 13 14 15 16 17 18 19 20 0
uf20-0396 11206 -1 2 -3 -4 5 -6 -7 8 -9 -10 11 -12 -13 -14 15 -16 -17 18 -19 -20 0
uf20-0397 19209 1 -2 -3 -4 5 6 -7 8 9 -10 11 -12 -13 -14 -15 -16 17 18 -19 20 0
uf20-0398 26412 -1 2 3 -4 -5 6 7 8 -9 10 11 -12 13 -14 15 -16 17 -18 19 20 0
uf20-0399 27373 1 2 -3 4 5 6 7 -8 9 10 -11 12 -13 -14 15 16 -17 18 -19 20 0
uf20-039 24811 -1 2 -3 -4 5 6 -7 -8 9 -10 11 12 13 14 -15 -16 17 18 -19 20 0
uf20-03 36015 1 2 3 4 -5 6 7 8 9 10 11 -12 13 -14 -15 16 17 18 -19 20 0
uf20-0400 27212 -1 2 3 -4 5 6 7 -8 -9 -10 -11 12 13 -14 15 16 17 18 19 -20 0
uf20-0401 27921 1 2 3 4 -5 6 -7 8 9 10 11 12 -13 14 15 16 17 -18 19 20 0
uf20-0402 9604 -1 -2 -3 -4 -5 -6 7 -8 -9 -10 -11 -12 13 14 -15 -16 -17 -18 -19 20 0
uf20-0403 22091 1 -2 3 4 5 6 -7 -8 9 10 11 -12 13 14 15 -16 -17 -18 19 -20 0
uf20-0404 20891 1 -2 -3 -4 5 -6 7 -8 9 10 11 -12 13 -14 -15 -16 17 18 19 20 0
uf20-0405 16894 -1 -2 3 -4 5 6 7 -8 9 10 -11 -12 -13 14 15 16 17 18 19 -20 0
uf20-0406 16808 1 2 -3 4 -5 -6 7 -8 -9 10 -11 -12 -13 -14 -15 16 -17 18 -19 20 0
uf20-0407 21610 1 -2 -3 4 -5 -6 7 8 -9 10 11 -12 -13 -14 15 -16 17 18 -19 20 0
uf20-0408 21210 -1 -2 -3 4 5 -6 7 8 9 -10 11 -12 13 -14 -15 16 -17 18 -19 20 0
uf20-0409 26893 1 2 3 -4 5 -6 7 8 -9 -10 11 -12 13 14 -15 -16 17 18 19 20 0
uf20-040 19209 -1 2 -3 4 5 6 -7 8 -9 10 11 12 -13 -14 -15 -16 17 -18 -19 -20 0
uf20-0410 26412 1 2 -3 4 5 6 -7 8 -9 -10 11 12 13 -14 15 -16 17 -18 19 -20 0
uf20-0411 25211 1 2 3 -4 5 6 -7 8 -9 10 11 12 -13 -14 -15 -16 17 18 -19 -20 0
uf20-0412 25580 1 2 -3 4 5 6 -7 -8 9 -10 -11 12 13 14 15 -16 17 18 19 20 0
uf20-0413 25725 -1 2 3 -4 5 6 7 8 9 -10 11 -12 -13 -14 15 -16 17 18 19 20 0
uf20-0414 22810 1 -2 -3 -4 5 6 7 -8 -9 10 -11 12 13 -14 -15 16 -17 18 19 -20 0
uf20-0415 16808 -1 2 -3 4 5 -6 7 -8 -9 10 -11 12 -13 -14 15 -16 -17 -18 19 -20 0
uf20-0416 24471 1 2 3 4 -5 6 7 -8 9 10 -11 -12 -13 14 -15 16 -17 18 19 20 0
uf20-0417 27211 1 -2 3 4 5 6 7 8 9 -10 -11 -12 13 14 15 16 17 18 19 -20 0
uf20-0418 22650 -1 2 3 4 5 -6 7 8 9 10 -11 -12 13 -14 15 -16 17 18 19 -20 0
uf20-0419 19870 1 2 -3 4 -5 6 -7 8 9 -10 11 -12 -13 -14 -15 16 -17 18 19 -20 0
uf20-041 23844 -1 -2 -3 4 5 -6 -7 8 9 10 11 12 13 -14 15 16 17 -18 -19 20 0
uf20-0420 16890 1 2 -3 -4 5 -6 7 8 -9 -10 11 -12 -13 14 15 16 -17 -18 -19 -20 0
uf20-0421 14406 -1 2 -3 -4 -5 6 7 8 9 10 -11 12 13 14 -15 -16 -17 18 19 -20 0
uf20-0422 29009 1 2 3 4 -5 6 7 8 9 10 -11 12 13 -14 15 16 17 18 -19 20 0
uf20-0423 21858 -1 2 -3 -4 5 6 7 8 -9 10 11 12 13 14 15 16 -17 -18 -19 -20 0
uf20-0424 11923 1 -2 3 4 -5 6 7 -8 -9 -10 -11 -12 13 -14 -15 16 -17 -18 -19 -20 0
uf20-0425 18877 1 -2 3 -4 -5 6 -7 8 -9 -10 11 -12 13 14 15 -16 -17 18 19 -20 0
uf20-0426 22299 1 -2 3 -4 -5 6 7 8 9 -10 11 12 -13 -14 15 16 17 18 19 20 0
uf20-0427 19966 1 2 3 -4 -5 -6 7 8 9 10 -11 12 -13 14 -15 -16 17 18 19 20 0
uf20-0428 22851 1 2 3 -4 -5 -6 7 8 9 -10 11 -12 13 -14 15 16 17 18 -19 20 0
uf20-0429 27053 1 2 3 -4 5 6 7 8 9 10 11 -12 13 14 15 16 -17 -18 19 20 0
uf20-042 19871 -1 -2 -3 4 5 6 7 8 -9 10 11 12 -13 -14 15 -16 17 -18 19 -20 0
uf20-0430 12064 -1 -2 -3 4 -5 -6 7 8 9 -10 -11 -12 13 -14 15 16 -17 18 -19 20 0
uf20-0431 19538 1 -2 3 4 5 -6 7 8 -9 10 -11 12 -13 -14 -15 16 17 -18 19 20 0
uf20-0432 20533 1 2 3 4 5 6 7 8 -9 -10 -11 12 -13 -14 15 -16 -17 18 -19 -20 0
uf20-0433 17063 -1 2 3 4 5 -6 -7 8 9 10 -11 -12 13 -14 15 -16 17 18 -19 -20 0
uf20-0434 18987 1 2 3 4 -5 -6 7 -8 9 -10 11 12 -13 14 -15 16 17 18 -19 -20 0
uf20-0435 12916 1 -2 -3 4 -5 -6 -7 -8 -9 -10 11 12 -13 -14 15 16 -17 -18 19 -20 0
uf20-0436 18876 -1 2 3 4 -5 6 -7 8 9 -10 11 12 13 -14 15 -16 17 18 -19 20 0
uf20-0437 26825 1 -2 3 4 5 6 7 8 9 10 11 12 -13 -14 -15 16 -17 18 -19 20 0
uf20-0438 14572 -1 -2 3 -4 -5 -6 7 -8 9 10 -11 -12 13 14 -15 16 -17 18 -19 -20 0
uf20-0439 22676 1 2 3 -4 5 -6 7 -8 -9 10 11 12 13 14 15 16 -17 -18 19 20 0
uf20-043 22851 -1 2 3 4 -5 6 -7 8 -9 10 -11 12 -13 14 -15 16 -17 18 19 20 0
uf20-0440 13113 1 2 -3 -4 -5 -6 7 -8 -9 10 -11 -12 13 -14 15 -16 17 -18 19 -20 0
uf20-0441 14833 1 2 3 -4 5 6 7 -8 9 10 11 -12 -13 14 15 16 17 -18 -19 -20 0
uf20-0442 11923 -1 -2 3 -4 -5 6 -7 8 -9 -10 -11 -12 -13 -14 15 -16 17 18 19 -20 0
uf20-0443 12363 -1 2 -3 -4 -5 6 -7 8 -9 -10 -11 12 -13 14 -15 -16 17 18 -19 20 0
uf20-0444 13910 -1 -2 -3 4 -5 6 -7 8 9 -10 -11 12 -13 -14 -15 -16 17 18 19 -20 0
uf20-0445 17570 1 2 3 4 -5 -6 -7 8 -9 -10 11 -12 -13 -14 15 16 17 18 19 20 0
uf20-0446 17682 1 2 -3 4 5 -6 -7 8 9 -10 -11 12 13 14 15 16 17 -18 -19 -20 0
uf20-0447 14907 -1 -2 3 4 -5 6 -7 8 9 -10 -11 12 13 14 15 -16 17 18 -19 20 0
uf20-0448 20368 1 -2 -3 4 5 -6 7 -8 -9 10 -11 12 13 14 15 16 -17 18 19 -20 0
uf20-0449 15896 -1 -2 3 4 -5 -6 -7 8 -9 -10 -11 12 13 14 15 -16 17 -18 -19 -20 0
uf20-044 15897 -1 2 3 -4 5 6 -7 -8 9 -10 11 -12 13 -14 15 -16 -17 -18 19 20 0
uf20-0450 18115 -1 2 3 -4 -5 6 7 -8 9 10 11 12 13 -14 15 16 17 -18 -19 -20 0
uf20-0451 18175 1 -2 -3 4 5 -6 7 8 9 -10 -11 12 -13 14 15 16 -17 18 19 -20 0
uf20-0452 13413 -1 2 -3 -4 5 6 7 8 9 -10 -11 -12 13 14 -15 -16 -17 -18 -19 -20 0
uf20-0453 19473 1 2 3 -4 5 6 -7 8 9 10 -11 -12 -13 -14 -15 -16 17 -18 19 20 0
uf20-0454 20534 1 -2 -3 -4 5 6 -7 8 -9 -10 11 12 13 14 15 16 -17 18 -19 20 0
uf20-0455 22520 1 2 3 -4 5 6 7 -8 9 10 11 -12 -13 -14 15 16 -17 -18 19 -20 0
uf20-0456 17091 1 2 -3 4 5 6 7 8 -9 -10 11 12 13 14 15 -16 -17 -18 19 -20 0
uf20-0457 20266 -1 2 -3 4 -5 6 7 -8 9 10 11 12 -13 14 15 -16 17 -18 -19 20 0
uf20-0458 23844 1 -2 -3 4 -5 -6 -7 8 -9 10 11 -12 -13 14 15 16 17 18 19 20 0
uf20-0459 17881 1 2 3 4 -5 -6 7 8 -9 -10 11 12 13 -14 -15 -16 17 -18 -19 20 0
uf20-045 19872 1 2 -3 -4 5 6 -7 8 9 10 -11 12 -13 14 -15 -16 17 18 -19 20 0
uf20-0460 21571 1 2 3 4 5 6 7 8 -9 -10 11 12 13 -14 15 -16 17 18 -19 20 0
uf20-0461 25831 1 2 -3 4 5 6 7 8 -9 -10 -11 -12 -13 14 15 -16 17 18 19 20 0
uf20-0462 24838 1 -2 3 4 -5 6 -7 -8 -9 10 11 -12 13 14 15 -16 17 18 19 20 0
uf20-0463 27819 1 2 -3 -4 5 6 7 -8 9 10 11 12 13 14 15 16 17 -18 -19 20 0
uf20-0464 9935 1 2 -3 -4 -5 -6 -7 -8 -9 -10 -11 -12 -13 14 -15 -16 -17 -18 19 20 0
uf20-0465 15896 1 2 -3 -4 -5 6 7 -8 9 -10 -11 -12 13 -14 -15 -16 -17 18 19 -20 0
uf20-0466 16890 -1 2 -3 -4 5 -6 7 -8 -9 10 11 12 -13 14 -15 -16 17 18 -19 -20 0
uf20-0467 22054 1 2 3 4 5 -6 7 8 -9 10 11 -12 13 14 -15 16 -17 -18 19 20 0
uf20-0468 17884 -1 2 3 4 -5 -6 -7 -8 9 10 11 12 -13 -14 15 16 -17 -18 -19 20 0
uf20-0469 15895 -1 -2 -3 -4 5 6 7 -8 -9 10 -11 12 13 -14 15 -16 17 -18 -19 20 0
uf20-046 16953 1 2 3 -4 -5 6 7 -8 -9 -10 -11 12 13 14 -15 -16 -17 18 19 20 0
uf20-0470 14903 -1 2 -3 4 5 6 7 8 9 10 11 12 13 14 -15 -16 17 -18 -19 20 0
uf20-0471 13729 1 -2 3 -4 -5 6 -7 8 -9 10 -11 -12 13 14 15 -16 -17 18 19 -20 0
uf20-0472 22852 -1 2 3 -4 5 6 -7 8 9 10 11 -12 13 -14 15 16 -17 18 -19 20 0
uf20-0473 22268 1 2 -3 4 5 -6 -7 8 9 10 11 12 13 14 -15 -16 17 18 19 -20 0
uf20-0474 20865 -1 -2 -3 4 -5 6 -7 8 9 10 -11 12 13 14 15 16 17 -18 19 -20 0
uf20-0475 16890 -1 -2 3 -4 5 -6 7 8 -9 10 -11 12 -13 -14 15 -16 17 -18 -19 20 0
uf20-0476 16890 -1 2 -3 4 -5 -6 -7 -8 -9 -10 -11 12 13 14 -15 -16 17 18 19 20 0
uf20-0477 23844 1 -2 3 4 5 6 7 8 9 10 -11 -12 13 -14 -15 -16 17 18 -19 -20 0
uf20-0478 18876 -1 2 -3 -4 -5 6 -7 8 9 10 11 12 13 -14 15 -16 -17 18 -19 20 0
uf20-0479 21858 -1 -2 3 -4 -5 -6 -7 8 -9 10 11 -12 13 14 15 16 17 18 19 20 0
uf20-047 20865 -1 -2 3 4 -5 6 7 -8 9 10 11 12 13 -14 15 -16 17 -18 -19 20 0
uf20-0480 21592 1 -2 3 -4 -5 -6 7 8 9 10 11 12 13 -14 15 16 17 18 -19 -20 0
uf20-0481 12585 -1 -2 -3 -4 -5 6 7 -8 -9 10 -11 12 -13 -14 -15 -16 -17 18 19 20 0
uf20-0482 15400 -1 -2 -3 4 -5 6 7 8 -9 10 -11 12 -13 -14 -15 16 17 18 -19 20 0
uf20-0483 21694 -1 2 3 4 5 -6 7 8 -9 -10 11 12 13 -14 15 16 17 18 19 20 0
uf20-0484 15897 1 2 3 -4 -5 6 7 -8 9 -10 -11 -12 -13 14 15 -16 -17 -18 -19 20 0
uf20-0485 16814 -1 2 3 -4 5 -6 -7 8 9 -10 11 12 13 14 -15 -16 -17 18 19 20 0
uf20-0486 16093 -1 -2 -3 -4 5 6 7 8 9 -10 11 12 -13 14 15 -16 -17 -18 -19 20 0
uf20-0487 22485 -1 2 3 4 5 -6 -7 8 -9 10 11 12 13 14 15 -16 17 18 -19 20 0
uf20-0488 17224 1 -2 3 4 5 6 -7 -8 -9 10 -11 12 13 14 15 -16 17 -18 19 -20 0
uf20-0489 20534 1 2 3 4 -5 6 -7 8 -9 10 11 12 -13 14 -15 -16 17 -18 -19 20 0
uf20-048 21857 1 2 -3 -4 -5 -6 7 -8 -9 10 -11 12 13 14 15 16 -17 18 19 -20 0
uf20-0490 25831 1 -2 3 4 5 -6 7 8 9 10 -11 12 13 14 -15 -16 -17 18 -19 20 0
uf20-0491 21060 1 -2 -3 -4 -5 6 7 8 9 -10 11 12 -13 -14 15 16 -17 18 19 20 0
uf20-0492 22024 1 2 3 4 5 -6 7 8 9 -10 11 -12 -13 -14 15 16 -17 -18 19 20 0
uf20-0493 23844 1 -2 -3 -4 5 6 7 8 9 -10 11 -12 -13 -14 15 16 17 -18 19 20 0
uf20-0494 18242 1 2 -3 -4 5 6 7 8 9 -10 -11 12 -13 14 15 16 17 -18 19 -20 0
uf20-0495 21858 1 2 3 4 -5 6 7 -8 -9 10 11 12 -13 14 15 -16 17 -18 -19 -20 0
uf20-0496 24506 1 -2 3 -4 5 6 -7 8 -9 10 -11 12 13 14 15 16 17 18 19 20 0
uf20-0497 18104 1 2 -3 4 -5 6 7 8 -9 -10 11 12 13 -14 15 16 -17 -18 19 -20 0
uf20-0498 17885 1 2 3 -4 5 6 -7 -8 -9 -10 11 -12 13 14 15 16 17 -18 -19 -20 0
uf20-0499 27321 1 -2 3 4 5 6 7 -8 -9 10 11 12 13 14 15 16 17 18 19 20 0
uf20-049 12916 -1 -2 -3 4 -5 -6 7 8 -9 10 -11 -12 -13 14 15 16 -17 -18 -19 -20 0
uf20-04 15897 1 -2 3 4 -5 -6 7 -8 -9 10 11 -12 13 -14 -15 16 17 -18 -19 -20 0
uf20-0500 19872 1 2 3 -4 5 -6 7 8 -9 10 -11 12 13 -14 15 16 -17 18 -19 -20 0
uf20-0501 19871 1 2 3 4 -5 -6 7 8 -9 -10 -11 12 13 14 -15 16 -17 18 -19 20 0
uf20-0502 25045 1 -2 3 4 5 6 7 8 9 10 11 -12 13 14 15 16 17 -18 -19 20 0
uf20-0503 15354 -1 2 -3 4 5 6 -7 -8 9 10 -11 -12 13 14 -15 -16 -17 18 19 -20 0
uf20-0504 21857 -1 2 -3 -4 -5 6 7 8 -9 -10 11 12 13 14 15 -16 -17 18 19 -20 0
uf20-0505 19209 -1 -2 3 4 -5 6 -7 -8 9 10 11 12 -13 14 15 16 -17 -18 19 -20 0
uf20-0506 26495 -1 2 3 4 -5 6 -7 8 9 10 -11 12 13 14 15 16 -17 18 19 20 0
uf20-0507 14672 -1 2 3 4 5 6 -7 8 9 -10 -11 -12 -13 -14 15 -16 17 -18 -19 20 0
uf20-0508 7948 -1 -2 -3 -4 -5 -6 7 8 -9 -10 -11 -12 -13 14 -15 -16 -17 18 19 20 0
uf20-0509 20533 1 2 3 -4 5 -6 -7 8 9 10 -11 -12 -13 14 15 16 -17 18 -19 -20 0
uf20-050 17883 -1 2 3 4 -5 -6 -7 8 9 10 -11 -12 -13 -14 15 -16 17 -18 -19 20 0
uf20-0510 12465 1 2 -3 -4 -5 6 7 -8 9 -10 11 12 13 14 15 16 17 -18 -19 20 0
uf20-0511 16892 -1 -2 3 -4 5 6 7 8 9 10 11 -12 -13 -14 15 -16 17 18 19 -20 0
uf20-0512 17885 -1 -2 -3 4 5 -6 7 -8 9 -10 11 12 -13 14 15 16 17 18 -19 -20 0
uf20-0513 18877 1 2 3 4 -5 -6 7 8 -9 -10 -11 12 -13 -14 -15 -16 17 18 19 20 0
uf20-0514 19870 -1 2 3 -4 -5 6 -7 8 9 10 -11 12 -13 -14 15 -16 17 -18 -19 20 0
uf20-0515 13711 1 -2 3 -4 -5 -6 7 8 -9 10 -11 -12 -13 14 -15 16 -17 18 -19 20 0
uf20-0516 23047 1 2 -3 4 5 6 7 8 9 -10 11 -12 -13 14 15 16 17 18 19 20 0
uf20-0517 25831 1 -2 3 4 -5 6 7 -8 9 -10 11 12 13 14 15 16 -17 -18 -19 20 0
uf20-0518 19870 1 2 3 -4 -5 -6 7 -8 -9 10 11 12 -13 -14 15 16 -17 -18 -19 20 0
uf20-0519 17883 -1 2 -3 4 -5 -6 7 -8 9 10 -11 -12 13 -14 15 -16 -17 18 19 -20 0
uf20-051 20864 -1 -2 -3 4 5 6 7 -8 -9 10 11 12 -13 -14 15 -16 17 18 19 20 0
uf20-0520 21858 1 -2 3 -4 5 6 -7 -8 -9 10 11 -12 13 -14 15 16 17 18 19 -20 0
uf20-0521 19871 1 2 3 -4 -5 -6 7 8 -9 10 11 12 -13 -14 -15 -16 17 18 -19 20 0
uf20-0522 25333 1 2 -3 4 -5 6 7 -8 9 -10 11 12 13 14 15 16 17 18 19 20 0
uf20-0523 22520 1 2 3 -4 5 6 7 -8 -9 10 11 12 -13 14 15 -16 17 -18 -19 -20 0
uf20-0524 23844 1 -2 3 -4 -5 6 -7 8 9 10 11 12 13 -14 15 -16 -17 18 -19 20 0
uf20-0525 20615 1 2 3 4 5 6 7 8 -9 10 11 12 -13 14 -15 16 17 -18 -19 20 0
uf20-0526 22851 -1 2 3 -4 5 6 7 8 -9 10 -11 12 -13 14 -15 16 17 18 -19 -20 0
uf20-0527 27817 -1 2 3 -4 5 6 -7 8 9 -10 11 12 13 14 15 16 -17 18 19 20 0
uf20-0528 17883 -1 -2 -3 4 -5 6 -7 8 -9 10 11 -12 13 -14 -15 16 17 -18 19 -20 0
uf20-0529 23846 1 -2 -3 4 -5 6 7 8 9 10 11 12 -13 14 15 -16 17 -18 19 20 0
uf20-052 22352 1 2 3 -4 5 6 -7 -8 -9 -10 11 12 13 14 15 16 17 -18 -19 20 0
uf20-0530 22650 1 2 3 4 -5 6 -7 8 9 -10 11 12 -13 14 -15 -16 17 -18 19 20 0
uf20-0531 14705 1 -2 -3 -4 -5 6 -7 8 9 10 -11 12 -13 14 15 -16 -17 18 19 -20 0
uf20-0532 6955 -1 -2 3 4 -5 -6 -7 -8 -9 10 -11 -12 -13 -14 -15 -16 -17 -18 -19 20 0
uf20-0533 20533 -1 2 -3 4 -5 6 -7 8 -9 10 11 -12 -13 14 15 16 -17 18 19 -20 0
uf20-0534 20863 1 -2 3 4 5 -6 7 -8 9 10 -11 12 -13 -14 15 16 17 -18 19 20 0
uf20-0535 17346 -1 -2 3 4 5 6 7 -8 -9 10 -11 12 13 -14 -15 16 17 18 19 -20 0
uf20-0536 19870 1 -2 -3 4 5 -6 7 8 9 -10 -11 12 -13 -14 15 16 -17 18 -19 -20 0
uf20-0537 18167 -1 2 3 4 -5 6 -7 -8 9 -10 -11 12 -13 14 -15 16 17 18 -19 20 0
uf20-0538 18876 1 2 3 4 -5 6 7 8 -9 -10 -11 12 13 -14 -15 -16 -17 18 19 -20 0
uf20-0539 16726 -1 2 -3 4 5 -6 7 8 9 10 -11 12 13 -14 -15 16 -17 -18 -19 20 0
uf20-053 16890 1 2 -3 -4 -5 -6 -7 8 9 10 -11 12 13 -14 15 16 -17 -18 -19 -20 0
uf20-0540 20118 -1 2 -3 -4 5 -6 7 -8 -9 10 11 12 13 14 15 -16 17 18 -19 20 0
uf20-0541 11919 -1 -2 3 4 -5 -6 7 -8 -9 10 -11 12 13 -14 -15 -16 17 -18 -19 20 0
uf20-0542 24838 1 2 3 4 5 -6 7 8 9 -10 11 -12 -13 14 15 -16 -17 -18 19 20 0
uf20-0543 24838 -1 -2 3 -4 -5 6 7 8 -9 10 11 12 13 14 15 16 17 -18 19 -20 0
uf20-0544 16181 -1 -2 -3 -4 5 6 -7 8 9 10 -11 12 -13 14 -15 -16 17 18 19 20 0
uf20-0545 24838 1 2 3 -4 5 -6 7 -8 9 10 11 -12 -13 14 -15 16 -17 18 19 20 0
uf20-0546 21859 1 2 3 4 -5 -6 7 -8 -9 10 11 12 13 -14 15 16 -17 -18 19 20 0
uf20-0547 26825 1 2 3 -4 5 -6 7 8 9 10 -11 -12 13 14 -15 16 17 18 -19 20 0
uf20-0548 18548 1 -2 3 4 5 -6 7 -8 9 -10 -11 12 13 -14 15 16 17 18 -19 -20 0
uf20-0549 19981 -1 2 3 4 -5 -6 -7 8 9 -10 11 12 13 -14 15 -16 17 18 19 -20 0
uf20-054 16465 -1 -2 -3 -4 5 6 -7 8 -9 10 11 12 13 -14 15 16 -17 -18 19 20 0
uf20-0550 25831 1 2 -3 -4 -5 6 -7 8 -9 10 11 12 13 -14 15 16 -17 18 19 20 0
uf20-0551 17884 -1 -2 -3 4 -5 -6 7 8 9 10 -11 12 13 -14 15 -16 -17 18 -19 20 0
uf20-0552 112668 -1 -2 3 -4 5 -6 -7 -8 9 -10 -11 -12 13 14 15 16 -17 -18 19 20 0
uf20-0553 112668 1 -2 -3 4 -5 6 7 8 9 -10 -11 -12 -13 -14 15 -16 -17 18 19 -20 0
uf20-0554 152430 1 2 3 -4 5 6 -7 8 9 -10 -11 -12 13 14 15 16 17 18 19 20 0
uf20-0555 123713 1 2 -3 -4 -5 6 -7 -8 9 10 11 12 -13 -14 15 16 17 18 -19 20 0
uf20-0556 150224 -1 -2 3 -4 5 6 7 8 -9 -10 -11 12 13 14 -15 16 17 18 19 -20 0
uf20-0557 112668 -1 2 -3 4 5 -6 -7 8 9 10 11 12 13 -14 15 16 -17 -18 -19 20 0
uf20-0558 74560 -1 -2 3 -4 -5 -6 7 -8 9 -10 -11 -12 13 -14 15 -16 17 -18 19 -20 0
uf20-0559 125921 -1 2 -3 -4 5 -6 7 8 9 10 11 -12 13 -14 15 -16 17 -18 19 20 0
uf20-055 119296 1 -2 3 4 -5 -6 -7 8 9 10 11 -12 -13 14 15 16 -17 -18 19 20 0
uf20-0560 145806 1 -2 3 4 5 -6 -7 8 9 -10 -11 -12 13 14 -15 -16 17 18 19 20 0
uf20-0561 193144 -1 2 -3 -4 5 6 7 8 9 10 11 -12 13 14 15 16 17 18 19 20 0
uf20-0562 110459 1 -2 -3 -4 5 -6 -7 -8 9 10 11 12 -13 14 15 -16 -17 -18 -19 20 0
uf20-0563 129236 1 -2 3 4 5 -6 -7 -8 -9 10 -11 12 13 -14 15 16 17 -18 19 20 0
uf20-0564 145806 -1 -2 3 -4 -5 6 7 8 9 10 11 -12 -13 14 -15 16 -17 18 19 20 0
uf20-0565 123272 1 -2 3 4 5 -6 -7 8 9 10 -11 12 -13 14 -15 -16 -17 18 -19 20 0
uf20-0566 81187 1 -2 -3 -4 -5 -6 -7 -8 -9 -10 -11 12 13 14 -15 -16 17 18 19 20 0
uf20-0567 90400 1 -2 -3 4 -5 -6 7 8 -9 -10 11 12 13 14 15 16 17 -18 -19 20 0
uf20-0568 125924 -1 -2 3 4 5 6 -7 -8 -9 10 11 -12 -13 14 15 16 17 -18 19 -20 0
uf20-0569 106041 -1 2 3 4 -5 -6 7 -8 9 10 11 -12 13 -14 15 16 -17 -18 19 20 0
uf20-056 124393 -1 2 -3 4 5 -6 -7 8 -9 10 -11 -12 13 14 15 16 17 -18 19 -20 0
uf20-0570 95269 -1 2 3 -4 5 -6 7 -8 9 -10 -11 -12 13 14 15 -16 -17 18 -19 20 0
uf20-0571 92785 -1 -2 3 -4 5 6 -7 8 -9 -10 -11 12 -13 -14 -15 16 17 -18 19 20 0
uf20-0572 112668 -1 2 -3 -4 -5 6 7 -8 9 10 -11 -12 13 14 -15 16 -17 -18 19 -20 0
uf20-0573 170657 1 2 -3 -4 5 6 7 8 9 10 11 12 13 14 -15 -16 17 -18 19 20 0
uf20-0574 99413 -1 2 3 -4 -5 -6 -7 -8 -9 10 -11 12 -13 -14 -15 16 -17 18 19 20 0
uf20-0575 139177 1 -2 3 4 -5 6 -7 8 9 10 11 12 13 14 -15 16 -17 -18 -19 -20 0
uf20-0576 119295 1 2 -3 4 -5 -6 -7 -8 -9 10 -11 12 13 14 -15 -16 -17 18 19 -20 0
uf20-0577 65391 -1 -2 3 -4 5 -6 -7 -8 -9 -10 11 12 13 -14 -15 16 17 -18 -19 -20 0
uf20-0578 123715 1 2 3 4 5 6 -7 -8 9 -10 -11 12 -13 14 -15 -16 -17 -18 19 20 0
uf20-0579 185571 1 2 3 4 5 -6 7 8 9 -10 11 12 -13 14 15 16 -17 -18 19 20 0
uf20-057 144479 1 2 3 -4 5 -6 -7 8 9 10 11 -12 -13 14 -15 16 17 -18 19 20 0
uf20-0580 107365 -1 -2 -3 -4 5 -6 7 -8 9 10 11 -12 -13 14 15 -16 17 18 -19 20 0
uf20-0581 163479 -1 2 3 4 -5 6 7 8 9 -10 11 12 -13 14 15 -16 -17 -18 19 20 0
uf20-0582 132550 1 -2 3 4 -5 6 -7 -8 -9 10 11 -12 -13 14 15 16 -17 -18 -19 20 0
uf20-0583 132551 -1 -2 -3 -4 5 6 7 8 9 -10 11 12 13 -14 -15 -16 17 18 19 -20 0
uf20-0584 99413 1 2 -3 -4 5 6 -7 8 -9 -10 -11 -12 13 -14 15 16 -17 -18 -19 -20 0
uf20-0585 139178 1 2 3 -4 5 6 7 -8 -9 10 -11 -12 13 14 15 16 17 18 -19 -20 0
uf20-0586 119295 -1 -2 3 -4 -5 6 7 8 -9 -10 11 -12 13 -14 15 16 -17 18 -19 -20 0
uf20-0587 108691 1 2 -3 -4 -5 6 -7 -8 -9 10 -11 12 13 -14 15 16 -17 -18 19 20 0
uf20-0588 116918 -1 -2 3 -4 5 6 7 8 9 10 11 -12 -13 14 -15 16 -17 -18 19 20 0
uf20-0589 182919 1 2 3 4 5 -6 7 8 9 10 -11 -12 13 -14 15 16 17 18 19 20 0
uf20-058 134444 1 2 3 -4 -5 -6 7 -8 -9 10 -11 12 13 14 -15 16 17 18 19 20 0
uf20-0590 92786 -1 2 -3 -4 -5 6 -7 8 -9 10 -11 -12 -13 14 15 -16 17 -18 19 20 0
uf20-0591 125923 1 -2 3 -4 5 6 -7 -8 -9 10 -11 12 -13 14 -15 16 -17 18 19 -20 0
uf20-0592 137521 1 -2 3 4 5 6 -7 -8 9 -10 11 12 -13 14 -15 -16 17 -18 19 20 0
uf20-0593 71577 1 2 -3 -4 -5 -6 -7 8 -9 -10 11 12 -13 14 -15 -16 -17 -18 -19 20 0
uf20-0594 92785 1 -2 -3 -4 -5 -6 7 8 -9 -10 -11 12 -13 14 15 -16 -17 18 -19 -20 0
uf20-0595 150224 -1 2 3 -4 5 6 7 8 9 -10 -11 12 13 -14 -15 16 17 -18 19 -20 0
uf20-0596 112668 1 -2 3 4 -5 6 -7 8 9 -10 -11 -12 13 -14 -15 -16 -17 18 -19 20 0
uf20-0597 165688 -1 -2 3 4 5 -6 7 8 9 10 -11 12 13 14 -15 -16 -17 18 19 20 0
uf20-0598 139178 1 -2 -3 -4 5 6 -7 -8 -9 10 11 12 -13 14 15 16 17 -18 -19 20 0
uf20-0599 125923 1 -2 -3 4 -5 -6 7 -8 9 -10 -11 12 13 14 15 -16 17 -18 19 -20 0
uf20-059 119295 1 -2 -3 -4 -5 -6 7 8 -9 10 11 -12 -13 -14 -15 16 17 -18 19 20 0
uf20-05 112668 -1 -2 -3 -4 5 -6 7 -8 -9 10 -11 12 13 -14 15 16 -17 18 -19 20 0
uf20-0600 106040 1 -2 -3 -4 -5 6 -7 8 9 10 -11 12 -13 14 -15 -16 17 -18 -19 -20 0
uf20-0601 119296 -1 2 -3 4 -5 -6 7 8 -9 10 -11 12 -13 14 15 -16 17 -18 -19 20 0
uf20-0602 125922 -1 2 3 -4 5 -6 -7 -8 -9 10 11 12 13 14 15 16 -17 -18 19 20 0
uf20-0603 66274 -1 -2 -3 -4 -5 -6 -7 8 -9 10 -11 12 -13 14 -15 -16 -17 18 -19 20 0
uf20-0604 140754 1 2 3 4 5 6 -7 8 -9 -10 11 -12 -13 -14 15 16 17 18 19 20 0
uf20-0605 149117 1 2 3 4 5 6 -7 8 9 -10 11 12 13 -14 -15 16 17 -18 19 20 0
uf20-0606 159060 -1 -2 3 4 5 6 7 -8 9 -10 -11 -12 13 -14 -15 16 17 18 19 20 0
uf20-0607 145805 -1 2 -3 4 5 -6 7 8 9 -10 11 12 13 -14 15 -16 -17 18 -19 -20 0
uf20-0608 119297 1 -2 3 -4 5 6 7 8 -9 10 11 12 -13 -14 15 -16 17 -18 -19 -20 0
uf20-0609 75114 -1 -2 3 4 -5 -6 -7 -8 -9 10 11 -12 13 -14 -15 16 17 18 -19 -20 0
uf20-060 156852 1 -2 3 -4 5 6 7 8 9 -10 11 -12 -13 14 15 -16 17 18 19 -20 0
uf20-0610 135201 1 -2 3 4 5 6 -7 8 9 -10 11 12 -13 -14 -15 -16 17 -18 19 20 0
uf20-0611 83950 1 2 3 -4 -5 6 -7 8 -9 -10 -11 12 -13 -14 15 -16 -17 -18 -19 20 0
uf20-0612 125923 -1 -2 3 4 -5 6 -7 8 9 10 -11 12 -13 14 -15 -16 17 -18 -19 20 0
uf20-0613 123715 -1 2 3 -4 5 6 7 8 9 -10 -11 -12 -13 -14 15 -16 -17 18 19 20 0
uf20-0614 159060 1 2 3 -4 5 6 7 -8 9 10 -11 12 -13 -14 15 16 -17 -18 -19 20 0
uf20-0615 112669 -1 -2 3 4 -5 -6 7 -8 -9 -10 11 12 13 -14 -15 16 17 18 -19 20 0
uf20-0616 92786 -1 2 -3 4 -5 -6 7 8 -9 -10 -11 12 13 -14 -15 -16 -17 18 19 -20 0
uf20-0617 160265 1 -2 3 4 5 6 7 8 9 10 -11 12 13 14 15 -16 17 -18 -19 -20 0
uf20-0618 112668 -1 2 -3 4 -5 -6 -7 8 9 -10 11 -12 13 -14 -15 -16 17 18 19 -20 0
uf20-0619 154400 1 -2 3 4 5 6 7 8 -9 10 -11 12 13 -14 15 16 17 18 19 -20 0
uf20-061 145805 1 2 3 -4 5 -6 7 8 -9 10 -11 -12 13 -14 15 -16 -17 18 -19 20 0
uf20-0620 84685 -1 2 3 -4 -5 -6 -7 8 9 10 11 12 -13 14 15 16 -17 18 19 -20 0
uf20-0621 98087 -1 2 -3 -4 -5 -6 -7 -8 9 10 -11 -12 13 14 -15 -16 17 18 19 20 0
uf20-0622 114876 -1 2 -3 4 5 6 -7 8 -9 -10 11 -12 13 14 15 16 17 -18 -19 -20 0
uf20-0623 92786 1 -2 3 4 -5 -6 -7 8 -9 -10 -11 12 -13 -14 15 -16 17 -18 -19 20 0
uf20-0624 129899 1 -2 3 4 5 6 7 8 -9 10 11 12 -13 14 -15 -16 17 -18 -19 -20 0
uf20-0625 145805 -1 2 -3 4 -5 -6 7 8 -9 10 11 12 -13 -14 15 16 -17 18 -19 20 0
uf20-0626 143598 -1 2 3 -4 -5 -6 -7 8 9 10 11 12 13 -14 15 16 -17 18 19 20 0
uf20-0627 149780 1 -2 -3 4 5 6 7 8 9 -10 11 12 13 14 -15 16 -17 -18 19 20 0
uf20-0628 135864 -1 2 3 -4 -5 -6 -7 8 -9 10 11 12 13 14 15 16 17 18 -19 -20 0
uf20-0629 154240 1 2 3 4 5 -6 7 8 9 10 -11 12 -13 14 15 -16 17 -18 19 -20 0
uf20-062 91389 1 -2 3 -4 5 6 -7 -8 -9 -10 -11 12 -13 14 -15 -16 17 18 -19 20 0
uf20-0630 172315 -1 -2 -3 4 5 6 7 8 -9 10 -11 12 13 14 -15 16 17 18 19 -20 0
uf20-0631 132550 1 2 -3 4 -5 6 7 -8 -9 10 11 -12 13 -14 15 -16 -17 -18 -19 20 0
uf20-0632 143597 -1 2 3 4 -5 6 -7 8 9 10 11 -12 -13 14 15 16 17 -18 -19 -20 0
uf20-0633 121333 1 -2 -3 4 -5 -6 7 8 9 10 -11 12 -13 -14 15 -16 17 -18 19 20 0
uf20-0634 103882 -1 2 -3 -4 5 -6 7 -8 -9 10 11 12 -13 -14 -15 16 17 18 19 20 0
uf20-0635 123714 1 -2 -3 -4 5 6 -7 -8 -9 10 11 -12 13 14 15 16 -17 -18 19 -20 0
uf20-0636 115510 1 2 3 -4 5 6 7 8 9 10 11 -12 -13 -14 -15 16 17 -18 19 -20 0
uf20-0637 92785 1 -2 -3 -4 5 -6 -7 -8 9 10 -11 12 -13 -14 15 -16 -17 18 19 -20 0
uf20-0638 75743 1 -2 -3 -4 5 -6 -7 -8 -9 10 11 -12 -13 -14 15 16 -17 18 -19 -20 0
uf20-0639 139179 1 -2 3 4 5 6 7 8 -9 10 -11 -12 -13 -14 15 -16 17 -18 19 20 0
uf20-063 163478 1 2 3 -4 5 6 -7 8 9 -10 11 12 13 -14 -15 16 17 18 19 20 0
uf20-0640 95435 1 -2 -3 -4 5 6 7 -8 -9 10 -11 12 13 -14 15 -16 17 18 19 -20 0
uf20-0641 119297 1 2 -3 4 -5 6 7 8 9 -10 -11 -12 -13 14 -15 16 -17 18 -19 20 0
uf20-0642 102425 -1 2 3 -4 -5 6 -7 8 -9 -10 11 12 -13 -14 15 -16 17 18 19 20 0
uf20-0643 112065 -1 2 3 -4 5 -6 7 8 -9 10 11 -12 13 14 15 -16 17 18 19 -20 0
uf20-0644 133496 1 2 3 4 -5 -6 -7 -8 9 10 -11 12 -13 14 15 -16 -17 18 19 20 0
uf20-0645 141389 1 2 -3 4 5 -6 -7 8 9 10 -11 12 13 14 -15 16 -17 18 -19 20 0
uf20-0646 132552 1 -2 -3 4 -5 -6 7 8 -9 10 -11 12 13 14 15 16 -17 -18 19 20 0
uf20-0647 125923 1 2 -3 4 5 6 -7 -8 -9 -10 11 -12 13 14 -15 16 -17 -18 -19 20 0
uf20-0648 122240 1 2 3 4 5 -6 -7 8 9 -10 11 -12 -13 14 15 16 17 -18 19 -20 0
uf20-0649 118465 -1 2 3 4 5 -6 7 8 9 -10 11 12 -13 14 15 16 -17 18 -19 -20 0
uf20-064 145804 1 -2 3 4 -5 -6 -7 8 9 -10 11 12 13 14 -15 16 17 -18 19 20 0
uf20-0650 101715 -1 -2 -3 -4 5 6 -7 8 -9 10 11 -12 13 14 15 16 17 -18 19 -20 0
uf20-0651 129238 -1 -2 -3 4 5 6 7 8 9 10 -11 -12 -13 -14 15 16 17 18 19 -20 0
uf20-0652 165688 -1 -2 3 4 5 6 7 8 9 10 11 12 13 -14 -15 16 -17 -18 19 -20 0
uf20-0653 88858 1 2 3 -4 -5 6 7 -8 -9 -10 11 -12 13 14 -15 -16 -17 18 19 20 0
uf20-0654 122352 -1 -2 -3 4 5 -6 7 -8 -9 10 -11 12 13 -14 -15 16 17 18 19 20 0
uf20-0655 101363 1 2 -3 -4 5 6 -7 8 -9 10 11 12 13 -14 -15 16 17 -18 -19 20 0
uf20-0656 112668 1 2 -3 4 5 -6 -7 -8 9 -10 -11 12 -13 14 -15 -16 -17 18 19 -20 0
uf20-0657 114324 -1 2 -3 4 -5 6 7 -8 -9 -10 11 12 13 14 -15 16 17 18 -19 -20 0
uf20-0658 124975 1 -2 3 4 -5 6 -7 -8 -9 10 -11 12 -13 -14 15 16 17 18 -19 20 0
uf20-0659 142774 1 -2 3 4 5 6 -7 8 9 10 11 -12 13 -14 -15 16 17 -18 19 20 0
uf20-065 106042 1 -2 3 -4 -5 6 -7 8 -9 -10 11 12 13 14 -15 -16 17 -18 19 -20 0
uf20-0660 152433 1 2 -3 -4 5 -6 7 8 9 10 -11 12 -13 14 15 -16 -17 18 19 -20 0
uf20-0661 135864 -1 2 -3 -4 -5 6 -7 -8 9 10 11 -12 13 14 15 16 -17 18 -19 20 0
uf20-0662 120315 1 2 -3 4 5 -6 -7 8 9 -10 -11 -12 -13 14 15 16 -17 18 19 20 0
uf20-0663 103832 1 2 -3 -4 -5 6 7 8 9 10 -11 -12 -13 14 -15 -16 17 -18 -19 -20 0
uf20-0664 159060 1 2 3 4 5 6 -7 -8 9 -10 -11 -12 13 -14 -15 16 -17 18 19 20 0
uf20-0665 105520 -1 2 -3 -4 5 -6 -7 8 9 10 11 12 -13 14 -15 16 17 -18 19 20 0
uf20-0666 106041 1 2 3 -4 5 -6 7 8 9 -10 -11 -12 -13 14 -15 -16 -17 -18 -19 20 0
uf20-0667 112674 -1 2 -3 4 5 6 -7 8 9 10 11 12 13 14 -15 -16 17 18 19 20 0
uf20-0668 121946 1 -2 3 4 -5 -6 7 -8 -9 10 -11 12 13 14 15 16 -17 -18 -19 20 0
uf20-0669 139178 1 2 -3 4 -5 -6 -7 -8 -9 10 11 -12 -13 14 15 16 -17 18 19 20 0
uf20-066 162375 1 2 -3 4 -5 6 7 -8 9 -10 11 12 -13 14 15 16 17 18 -19 20 0
uf20-0670 99413 -1 2 -3 4 5 -6 -7 -8 9 10 -11 12 -13 14 -15 -16 -17 18 -19 -20 0
uf20-0671 90691 -1 -2 -3 -4 5 6 -7 -8 -9 10 -11 12 13 14 15 -16 17 -18 -19 20 0
uf20-0672 123714 1 -2 3 4 -5 6 -7 -8 9 10 11 -12 13 -14 15 -16 -17 18 -19 -20 0
uf20-0673 54347 -1 2 -3 4 5 6 -7 -8 -9 10 11 12 -13 14 -15 16 -17 -18 19 20 0
uf20-0674 92785 -1 -2 3 -4 -5 -6 -7 8 -9 -10 11 -12 13 14 15 -16 -17 18 -19 -20 0
uf20-0675 165688 1 2 3 4 -5 -6 7 8 9 -10 -11 12 13 14 15 -16 -17 18 -19 20 0
uf20-0676 89471 -1 -2 -3 4 5 -6 -7 8 -9 10 11 12 13 -14 -15 16 -17 -18 19 20 0
uf20-0677 111722 -1 -2 3 4 -5 6 7 -8 -9 10 -11 -12 13 14 -15 16 17 18 19 -20 0
uf20-0678 132550 -1 2 3 4 5 6 -7 -8 -9 10 -11 12 -13 -14 -15 16 -17 -18 19 20 0
uf20-0679 202610 -1 2 3 4 5 6 7 8 9 10 -11 12 -13 14 15 16 17 18 19 20 0
uf20-067 123495 1 -2 -3 -4 5 -6 7 8 9 -10 11 12 -13 -14 15 16 17 -18 19 20 0
uf20-0680 165688 -1 2 3 4 -5 -6 7 8 9 -10 -11 -12 13 14 15 16 17 18 19 -20 0
uf20-0681 162595 1 2 3 4 5 -6 -7 8 9 10 -11 -12 13 -14 15 16 -17 18 19 20 0
uf20-0682 111718 -1 2 -3 -4 -5 -6 -7 8 -9 -10 11 -12 13 14 15 16 17 18 19 20 0
uf20-0683 159060 1 -2 -3 -4 -5 6 7 8 -9 -10 11 -12 13 14 15 16 17 -18 19 20 0
uf20-0684 119295 -1 2 -3 -4 -5 -6 7 -8 9 10 -11 -12 13 14 15 16 -17 18 -19 -20 0
uf20-0685 141829 -1 2 -3 4 -5 6 -7 8 9 10 11 12 -13 14 15 -16 17 -18 19 20 0
uf20-0686 113614 1 -2 -3 4 5 6 -7 8 9 -10 -11 -12 -13 14 -15 -16 17 18 19 -20 0
uf20-0687 78572 -1 2 3 -4 -5 6 7 -8 -9 -10 11 12 13 -14 -15 16 17 18 -19 20 0
uf20-0688 46774 1 -2 3 4 5 6 7 -8 -9 10 -11 -12 -13 -14 -15 16 17 18 19 20 0
uf20-0689 82706 1 2 3 -4 5 6 -7 -8 9 10 11 12 13 14 -15 16 -17 -18 19 -20 0
uf20-068 77327 -1 2 3 4 -5 6 -7 8 9 -10 11 -12 13 14 15 16 -17 18 -19 20 0
uf20-0690 68793 1 2 3 4 5 -6 7 -8 9 -10 -11 -12 13 -14 15 -16 -17 18 19 20 0
uf20-0691 89796 1 2 -3 -4 5 -6 7 8 -9 10 -11 12 13 -14 15 -16 17 18 19 -20 0
uf20-0692 82314 -1 2 -3 4 5 -6 -7 -8 9 10 11 -12 13 14 15 -16 17 -18 19 20 0
uf20-0693 86055 -1 -2 -3 -4 5 -6 7 -8 9 10 11 -12 13 14 15 16 17 -18 19 20 0
uf20-0694 93538 -1 2 3 4 5 6 -7 -8 9 10 11 12 -13 -14 -15 -16 17 18 19 20 0
uf20-0695 115987 1 2 3 -4 5 6 7 8 9 10 -11 -12 13 14 15 16 -17 18 19 20 0
uf20-0696 76077 1 2 3 4 5 6 -7 8 9 10 -11 12 -13 -14 15 -16 -17 18 -19 -20 0
uf20-0697 78884 -1 2 -3 -4 5 6 7 8 -9 10 -11 12 13 -14 15 16 17 18 19 -20 0
uf20-0698 104762 -1 -2 3 4 5 6 7 8 -9 10 11 12 -13 14 15 16 17 -18 19 -20 0
uf20-0699 54252 -1 2 3 4 -5 -6 -7 8 -9 -10 11 12 -13 -14 -15 16 17 -18 -19 -20 0
uf20-069 71089 1 2 3 4 -5 -6 -7 -8 9 -10 11 -12 13 14 -15 -16 17 -18 19 -20 0
uf20-06 97280 1 2 -3 -4 5 -6 -7 8 -9 10 11 12 -13 14 15 16 17 18 19 20 0
uf20-0700 82313 -1 2 -3 4 5 6 7 -8 9 -10 11 12 -13 -14 -15 16 -17 18 19 -20 0
uf20-0701 67347 1 2 3 4 -5 -6 7 8 9 -10 -11 12 13 -14 -15 -16 -17 -18 -19 -20 0
uf20-0702 78988 1 2 3 4 5 6 7 8 9 10 -11 12 13 14 -15 -16 17 18 19 20 0
uf20-0703 67535 -1 2 -3 4 5 6 7 8 -9 10 -11 12 13 14 -15 -16 17 -18 19 -20 0
uf20-0704 44901 1 -2 3 -4 5 -6 7 -8 -9 -10 -11 12 -13 14 -15 16 17 -18 -19 20 0
uf20-0705 86055 -1 2 3 4 5 6 7 8 -9 -10 11 12 -13 -14 -15 16 17 18 -19 -20 0
uf20-0706 66559 -1 -2 -3 4 5 -6 7 -8 9 10 11 -12 13 -14 -15 16 17 18 19 20 0
uf20-0707 59864 -1 -2 3 4 -5 6 -7 -8 9 10 -11 -12 -13 14 15 16 -17 -18 19 20 0
uf20-0708 82313 1 -2 3 -4 5 6 7 8 -9 10 11 12 -13 -14 -15 -16 17 18 -19 -20 0
uf20-0709 82311 1 -2 3 -4 -5 -6 7 8 9 10 -11 -12 13 14 15 16 17 18 19 20 0
uf20-070 67130 1 -2 -3 4 -5 -6 -7 8 9 10 11 -12 -13 14 15 16 17 18 19 -20 0
uf20-0710 48641 -1 -2 -3 -4 5 -6 -7 8 9 -10 -11 12 13 -14 15 16 -17 -18 -19 20 0
uf20-0711 65477 -1 2 -3 4 -5 6 -7 -8 9 10 11 -12 -13 -14 -15 -16 17 18 19 20 0
uf20-0712 82313 -1 2 3 -4 -5 6 -7 -8 -9 10 -11 12 13 14 -15 -16 17 18 19 20 0
uf20-0713 71088 1 -2 -3 4 5 6 -7 8 9 -10 11 -12 -13 -14 15 16 17 18 -19 20 0
uf20-0714 88673 -1 2 -3 4 5 -6 -7 8 9 10 -11 12 13 14 15 16 17 18 19 20 0
uf20-0715 74830 1 -2 3 4 -5 -6 -7 8 -9 10 11 -12 13 14 15 -16 17 -18 -19 -20 0
uf20-0716 74830 -1 -2 -3 4 -5 6 -7 8 9 10 -11 -12 13 14 -15 16 17 -18 -19 20 0
uf20-0717 86055 1 2 3 4 5 -6 7 8 -9 10 -11 12 -13 14 15 -16 -17 18 -19 -20 0
uf20-0718 42405 -1 -2 3 -4 -5 -6 7 -8 -9 10 11 12 -13 -14 -15 16 -17 -18 19 -20 0
uf20-0719 59864 -1 2 -3 -4 -5 6 -7 -8 9 -10 11 12 13 -14 -15 -16 -17 18 19 20 0
uf20-071 54874 1 -2 3 4 -5 6 -7 -8 9 -10 11 -12 13 14 -15 -16 -17 -18 -19 20 0
uf20-0720 62002 1 -2 3 4 -5 -6 -7 8 -9 10 11 -12 -13 -14 15 16 -17 -18 19 20 0
uf20-0721 79819 -1 2 3 4 -5 -6 7 -8 9 -10 -11 12 13 14 15 16 17 18 19 20 0
uf20-0722 82312 1 -2 -3 4 5 -6 7 8 -9 10 11 12 -13 14 15 -16 17 18 19 20 0
uf20-0723 82314 1 -2 -3 4 5 6 7 -8 9 10 11 -12 -13 -14 15 -16 17 -18 19 20 0
uf20-0724 99805 1 2 3 4 5 -6 7 8 -9 10 11 12 13 -14 15 16 17 18 19 20 0
uf20-0725 59864 1 -2 -3 -4 5 6 7 8 -9 -10 -11 -12 13 -14 -15 16 17 -18 -19 -20 0
uf20-0726 71088 1 2 3 -4 -5 -6 7 8 9 -10 11 12 -13 -14 15 -16 17 18 -19 20 0
uf20-0727 70749 -1 2 3 4 -5 6 -7 8 9 -10 11 12 13 14 15 -16 17 -18 -19 20 0
uf20-0728 52382 1 2 3 -4 -5 -6 -7 -8 -9 -10 -11 12 -13 -14 -15 -16 17 18 19 20 0
uf20-0729 67347 -1 -2 3 -4 5 -6 -7 -8 9 -10 -11 12 13 14 -15 -16 17 18 -19 20 0
uf20-072 48641 -1 -2 -3 -4 5 6 -7 -8 9 -10 11 12 -13 -14 15 -16 -17 18 -19 20 0
uf20-0730 80583 1 2 3 4 5 -6 -7 8 9 10 -11 -12 13 -14 15 16 -17 -18 19 20 0
uf20-0731 82314 -1 -2 3 4 -5 6 7 8 9 -10 11 -12 13 14 15 -16 17 -18 19 -20 0
uf20-0732 65851 1 2 -3 4 5 -6 -7 8 -9 10 -11 -12 -13 14 15 16 17 -18 -19 -20 0
uf20-0733 104762 1 2 3 4 5 -6 -7 8 -9 10 11 -12 -13 14 15 16 17 18 19 -20 0
uf20-0734 86342 1 2 -3 4 5 -6 -7 -8 9 10 11 12 13 14 15 16 17 -18 -19 20 0
uf20-0735 44898 1 2 3 4 -5 -6 -7 -8 -9 10 -11 -12 -13 -14 -15 -16 -17 -18 19 -20 0
uf20-0736 71089 -1 2 -3 4 5 -6 7 -8 9 -10 -11 -12 -13 14 15 -16 17 -18 19 20 0
uf20-0737 63608 1 2 3 -4 -5 -6 7 -8 -9 10 11 12 13 14 15 -16 -17 -18 -19 20 0
uf20-0738 59864 -1 2 3 4 -5 6 7 8 9 10 11 -12 13 -14 -15 16 17 18 19 20 0
uf20-0739 69842 1 -2 3 -4 5 6 7 8 -9 10 -11 -12 -13 14 15 -16 -17 -18 19 -20 0
uf20-073 93538 1 2 -3 -4 -5 6 7 -8 9 10 -11 12 13 -14 -15 16 17 18 19 20 0
uf20-0740 71089 1 2 3 -4 5 -6 -7 -8 -9 10 11 -12 -13 -14 15 -16 17 18 -19 20 0
uf20-0741 51758 1 -2 3 4 5 6 7 -8 -9 -10 11 -12 -13 -14 -15 -16 17 18 -19 -20 0
uf20-0742 81802 1 2 3 4 5 -6 7 8 9 -10 11 -12 -13 14 15 16 17 18 19 20 0
uf20-0743 59865 -1 2 -3 4 5 -6 7 8 -9 -10 -11 -12 -13 -14 15 16 17 -18 -19 20 0
uf20-0744 86803 1 -2 3 -4 -5 6 7 8 -9 -10 11 -12 13 -14 15 16 17 18 19 20 0
uf20-0745 66595 -1 2 3 -4 5 6 7 8 9 -10 11 -12 -13 14 15 -16 -17 -18 -19 20 0
uf20-0746 88727 1 2 3 4 5 6 7 -8 9 10 -11 -12 -13 14 15 -16 -17 -18 19 20 0
uf20-0747 67348 -1 -2 -3 -4 -5 6 -7 8 -9 10 11 12 13 14 15 -16 17 -18 19 20 0
uf20-0748 56389 1 -2 3 4 5 6 -7 8 9 -10 -11 -12 -13 -14 -15 16 -17 18 -19 20 0
uf20-0749 89796 -1 -2 3 -4 5 6 -7 -8 9 10 -11 12 13 -14 15 16 17 18 19 20 0
uf20-074 59864 1 -2 3 -4 5 -6 -7 -8 -9 10 -11 -12 -13 14 -15 16 -17 18 19 -20 0
uf20-0750 101021 1 2 3 -4 5 6 -7 -8 9 -10 11 -12 13 14 -15 16 17 18 19 20 0
uf20-0751 74830 -1 -2 3 4 5 6 7 -8 -9 -10 -11 -12 -13 14 15 16 17 -18 19 20 0
uf20-0752 72959 1 -2 3 -4 5 -6 7 8 9 10 11 -12 13 -14 -15 16 17 18 -19 -20 0
uf20-0753 58368 1 2 -3 -4 5 6 -7 -8 9 10 11 -12 -13 14 15 16 -17 -18 -19 20 0
uf20-0754 82886 1 2 3 4 -5 6 7 -8 -9 -10 -11 12 -13 14 -15 16 17 18 19 20 0
uf20-0755 82313 1 2 3 -4 5 -6 7 -8 9 10 11 -12 13 -14 15 -16 17 -18 -19 -20 0
uf20-0756 71090 1 -2 3 4 5 -6 7 8 -9 -10 -11 12 -13 -14 15 -16 -17 18 19 20 0
uf20-0757 65850 1 -2 3 -4 5 6 -7 -8 -9 10 11 -12 -13 -14 15 -16 -17 18 19 20 0
uf20-0758 68972 1 2 3 4 -5 -6 7 -8 9 10 -11 12 13 14 -15 -16 17 -18 -19 20 0
uf20-0759 67347 1 2 3 -4 5 -6 -7 -8 9 10 11 -12 -13 -14 -15 16 17 -18 -19 -20 0
uf20-075 70153 1 -2 3 -4 5 -6 7 -8 9 10 11 12 -13 -14 15 16 17 -18 19 -20 0
uf20-0760 64230 1 2 3 -4 5 -6 -7 -8 -9 -10 -11 -12 13 -14 15 16 17 18 19 20 0
uf20-0761 69651 1 2 -3 4 5 -6 7 -8 9 10 11 -12 13 14 15 16 17 -18 19 20 0
uf20-0762 74831 1 -2 3 -4 5 6 -7 8 9 -10 -11 12 13 14 -15 -16 17 -18 19 -20 0
uf20-0763 59864 1 -2 -3 -4 5 6 -7 8 9 -10 -11 -12 -13 14 -15 -16 -17 18 -19 20 0
uf20-0764 82313 1 -2 3 4 5 6 7 -8 -9 10 -11 -12 13 14 -15 16 -17 -18 19 -20 0
uf20-0765 63608 -1 2 3 -4 5 -6 -7 8 9 10 11 12 -13 -14 -15 16 17 -18 19 -20 0
uf20-0766 77072 1 2 -3 4 -5 6 7 8 -9 -10 -11 12 -13 14 15 16 -17 -18 19 20 0
uf20-0767 76965 1 2 3 4 5 6 7 8 -9 10 11 12 -13 -14 -15 16 -17 18 -19 20 0
uf20-0768 59469 -1 -2 3 -4 -5 -6 7 -8 -9 10 11 12 13 14 -15 16 17 18 -19 20 0
uf20-0769 82314 -1 -2 3 4 5 6 -7 -8 9 10 11 12 13 14 -15 16 -17 18 -19 -20 0
uf20-076 67347 -1 -2 3 -4 -5 6 7 -8 9 -10 11 -12 -13 -14 -15 16 -17 18 19 20 0
uf20-0770 66102 -1 2 3 4 -5 -6 -7 -8 9 -10 -11 12 13 14 15 -16 17 18 -19 20 0
uf20-0771 86055 1 2 3 -4 5 6 -7 8 -9 -10 11 -12 13 14 15 -16 17 18 -19 -20 0
uf20-0772 63237 -1 2 -3 4 -5 6 -7 8 9 10 -11 12 13 14 15 -16 17 18 -19 -20 0
uf20-0773 64853 1 -2 3 4 5 -6 7 8 9 10 -11 -12 -13 14 -15 -16 17 -18 19 20 0
uf20-0774 69386 1 -2 -3 4 -5 6 -7 8 -9 10 11 12 13 -14 15 16 -17 -18 -19 20 0
uf20-0775 59864 1 -2 -3 4 -5 -6 -7 -8 9 10 11 12 -13 -14 -15 16 -17 -18 -19 20 0
uf20-0776 46599 1 2 3 -4 5 -6 -7 -8 -9 -10 11 12 13 -14 -15 16 -17 18 -19 -20 0
uf20-0777 78572 -1 2 -3 4 5 -6 7 -8 9 -10 11 12 -13 -14 15 16 -17 18 19 -20 0
uf20-0778 82313 1 2 -3 4 5 -6 -7 8 -9 10 11 12 -13 14 15 16 -17 18 -19 20 0
uf20-0779 72959 1 2 -3 4 -5 -6 7 8 9 -10 11 12 -13 -14 15 -16 17 -18 -19 20 0
uf20-077 63604 1 -2 -3 -4 5 -6 7 -8 9 10 11 12 13 -14 15 16 -17 -18 -19 20 0
uf20-0780 59865 -1 -2 3 -4 -5 6 7 -8 9 10 11 -12 -13 14 15 16 -17 -18 19 -20 0
uf20-0781 63606 1 -2 -3 4 -5 -6 -7 -8 9 10 -11 -12 -13 -14 15 16 17 18 19 -20 0
uf20-0782 67347 1 -2 3 -4 5 -6 7 -8 9 10 -11 -12 -13 -14 15 16 17 -18 -19 -20 0
uf20-0783 93538 -1 2 -3 4 -5 -6 7 8 9 -10 11 -12 13 14 15 16 17 -18 19 20 0
uf20-0784 75660 1 -2 -3 -4 -5 6 7 8 -9 -10 11 12 13 14 15 16 -17 -18 19 20 0
uf20-0785 58461 -1 -2 3 -4 -5 6 7 8 -9 10 11 12 13 -14 15 -16 17 18 -19 -20 0
uf20-0786 75661 1 -2 3 4 5 6 7 8 -9 10 11 12 13 14 -15 -16 -17 -18 19 20 0
uf20-0787 44149 -1 -2 3 -4 -5 -6 -7 -8 9 -10 11 12 13 14 15 -16 17 18 -19 20 0
uf20-0788 80815 1 2 -3 4 -5 6 7 8 9 10 -11 -12 13 -14 15 16 17 -18 19 -20 0
uf20-0789 99774 1 2 3 -4 -5 6 7 -8 9 10 11 12 -13 14 15 16 -17 18 19 -20 0
uf20-078 78574 1 -2 3 4 5 -6 7 -8 9 -10 11 12 -13 -14 15 -16 17 18 19 20 0
uf20-0790 80443 1 2 -3 4 5 -6 7 8 9 -10 -11 -12 13 14 -15 16 -17 -18 19 20 0
uf20-0791 67347 -1 2 -3 4 -5 -6 -7 -8 9 10 11 12 13 14 15 -16 -17 -18 -19 -20 0
uf20-0792 54546 -1 2 -3 4 -5 -6 7 -8 -9 10 11 -12 13 14 15 -16 17 18 19 -20 0
uf20-0793 70554 -1 2 3 4 5 -6 -7 8 9 10 11 -12 13 -14 15 -16 17 -18 -19 -20 0
uf20-0794 86055 1 -2 3 4 5 -6 -7 8 9 10 11 12 -13 14 -15 16 -17 18 -19 -20 0
uf20-0795 75296 -1 -2 3 4 5 -6 7 8 -9 10 -11 12 -13 -14 15 16 17 18 19 20 0
uf20-0796 67347 -1 -2 3 -4 5 6 -7 8 -9 -10 -11 12 -13 -14 -15 -16 17 18 19 20 0
uf20-0797 67883 1 2 3 4 -5 -6 7 8 -9 10 11 -12 13 14 15 16 17 18 -19 -20 0
uf20-0798 101021 1 2 3 4 5 -6 7 -8 -9 -10 11 -12 13 14 15 16 17 18 -19 20 0
uf20-0799 59867 1 -2 3 -4 -5 6 -7 8 -9 10 11 12 -13 -14 -15 16 17 18 19 -20 0
uf20-079 66742 1 -2 3 4 5 6 -7 -8 9 10 11 12 -13 14 -15 -16 17 -18 -19 20 0
uf20-07 74502 -1 -2 3 4 -5 6 7 8 9 -10 -11 12 13 -14 15 -16 -17 18 19 20 0
uf20-0800 93539 1 2 3 -4 5 6 7 8 9 -10 11 12 -13 -14 -15 16 17 18 19 -20 0
uf20-0801 78574 1 2 3 -4 5 6 7 8 9 10 11 -12 -13 14 15 16 17 -18 19 -20 0
uf20-0802 84184 1 -2 -3 4 5 -6 7 -8 -9 10 -11 12 13 14 -15 16 17 18 19 20 0
uf20-0803 82312 -1 2 3 4 5 6 7 -8 9 10 -11 12 13 14 15 -16 17 -18 19 -20 0
uf20-0804 69134 1 -2 3 4 5 -6 -7 8 -9 -10 -11 12 -13 14 15 16 17 -18 19 20 0
uf20-0805 92292 -1 -2 3 -4 -5 6 7 -8 9 10 11 12 13 14 15 16 -17 18 19 20 0
uf20-0806 86055 -1 -2 -3 4 -5 -6 7 8 9 10 11 12 13 -14 15 -16 17 -18 19 20 0
uf20-0807 90728 -1 2 3 4 5 -6 7 -8 -9 -10 11 -12 13 14 15 16 17 18 19 20 0
uf20-0808 59864 -1 2 3 -4 -5 -6 -7 8 -9 10 -11 -12 13 -14 15 16 -17 -18 -19 20 0
uf20-0809 56287 -1 -2 3 4 5 6 -7 8 -9 10 -11 -12 -13 14 15 16 17 18 19 20 0
uf20-080 81652 1 -2 3 -4 5 -6 7 8 9 10 11 12 13 -14 15 16 17 -18 -19 20 0
uf20-0810 54374 1 2 3 -4 -5 6 7 8 -9 10 -11 -12 -13 14 -15 -16 17 -18 19 -20 0
uf20-0811 59867 1 2 3 4 -5 -6 -7 8 9 -10 11 -12 -13 14 15 16 17 18 -19 -20 0
uf20-0812 89796 1 2 -3 4 5 6 7 -8 -9 -10 11 12 -13 14 -15 -16 17 18 19 -20 0
uf20-0813 57369 1 2 3 4 5 -6 7 -8 9 10 11 12 13 14 -15 -16 17 18 -19 -20 0
uf20-0814 65585 1 2 3 -4 5 6 7 -8 -9 -10 -11 -12 13 14 15 16 -17 -18 19 -20 0
uf20-0815 74830 -1 -2 3 -4 5 6 7 -8 9 -10 -11 12 13 -14 15 16 -17 -18 -19 20 0
uf20-0816 64140 1 2 -3 -4 5 -6 7 -8 -9 -10 -11 12 13 14 15 -16 17 -18 19 -20 0
uf20-0817 54045 1 -2 3 -4 -5 6 -7 8 9 10 11 -12 13 14 15 -16 -17 -18 -19 20 0
uf20-0818 59865 1 -2 3 -4 -5 6 -7 -8 -9 -10 11 -12 13 -14 15 16 -17 18 19 -20 0
uf20-0819 72335 1 2 -3 4 -5 6 7 8 -9 -10 11 -12 13 14 15 16 17 18 19 -20 0
uf20-081 71089 1 2 -3 4 -5 6 -7 -8 9 10 11 12 13 -14 -15 -16 -17 18 -19 -20 0
uf20-0820 76124 1 2 3 -4 5 -6 7 8 9 -10 11 12 13 14 15 16 -17 -18 19 -20 0
uf20-0821 40999 1 -2 -3 4 -5 -6 7 8 -9 10 -11 12 -13 14 15 -16 -17 -18 19 -20 0
uf20-0822 36816 1 2 3 -4 -5 -6 -7 8 9 -10 11 12 13 -14 -15 16 -17 -18 -19 20 0
uf20-0823 54950 -1 -2 3 4 -5 6 -7 8 -9 10 11 -12 -13 14 -15 16 17 18 -19 20 0
uf20-0824 48998 1 -2 3 -4 5 -6 -7 -8 9 10 11 -12 -13 14 15 -16 17 18 19 20 0
uf20-0825 43960 -1 2 -3 -4 -5 6 -7 -8 -9 -10 11 -12 13 14 -15 16 17 18 19 -20 0
uf20-0826 60445 1 2 3 -4 5 6 7 -8 9 -10 11 12 -13 -14 -15 -16 -17 18 -19 20 0
uf20-0827 54950 1 2 -3 -4 5 6 -7 -8 9 -10 -11 12 -13 14 -15 16 -17 18 -19 20 0
uf20-0828 60837 1 -2 3 4 5 6 7 -8 9 10 11 -12 -13 14 15 16 17 -18 19 20 0
uf20-0829 49456 -1 2 -3 -4 -5 6 7 8 -9 10 11 12 -13 -14 15 -16 17 -18 19 -20 0
uf20-082 59866 1 2 3 4 -5 -6 -7 -8 9 10 11 -12 13 14 -15 16 17 18 -19 20 0
uf20-0830 46708 1 -2 -3 -4 -5 6 -7 -8 9 -10 11 -12 13 14 -15 -16 17 18 19 -20 0
uf20-0831 57700 -1 2 -3 4 -5 6 7 8 9 10 11 12 -13 -14 15 -16 17 18 -19 20 0
uf20-0832 38922 1 2 3 -4 5 -6 -7 -8 9 -10 11 -12 -13 -14 -15 16 17 -18 19 20 0
uf20-0833 41762 -1 2 3 -4 5 -6 7 8 -9 -10 -11 12 -13 14 -15 -16 17 -18 19 -20 0
uf20-0834 35717 -1 -2 3 4 -5 -6 7 8 9 -10 -11 -12 -13 14 -15 16 17 -18 -19 -20 0
uf20-0835 52871 1 -2 3 4 5 -6 7 8 -9 -10 11 12 13 14 15 -16 -17 18 19 -20 0
uf20-0836 54950 -1 2 -3 -4 5 6 7 -8 9 10 11 -12 13 -14 -15 16 17 -18 -19 20 0
uf20-0837 65940 -1 -2 3 4 5 6 7 -8 9 10 -11 12 -13 14 -15 -16 17 18 19 -20 0
uf20-0838 43786 -1 -2 -3 -4 5 -6 7 8 9 -10 11 -12 13 14 -15 16 17 18 19 20 0
uf20-0839 50830 -1 2 3 4 -5 -6 7 8 -9 10 11 12 13 -14 -15 16 -17 -18 -19 20 0
uf20-083 45790 1 2 3 4 5 -6 -7 -8 9 10 11 -12 -13 14 -15 -16 17 -18 -19 20 0
uf20-0840 60445 1 -2 -3 -4 5 -6 -7 -8 -9 -10 11 12 13 -14 15 16 17 18 19 20 0
uf20-0841 78761 1 2 3 4 -5 -6 -7 8 9 10 11 12 13 14 -15 16 17 18 19 -20 0
uf20-0842 54950 1 -2 3 -4 -5 6 -7 8 9 10 11 -12 -13 -14 15 16 -17 -18 -19 20 0
uf20-0843 46273 1 -2 3 4 -5 -6 -7 8 9 -10 11 -12 -13 14 -15 16 17 18 19 -20 0
uf20-0844 54337 1 2 3 4 5 -6 -7 8 9 10 -11 12 -13 -14 -15 16 17 18 -19 20 0
uf20-0845 41213 1 -2 -3 -4 5 -6 -7 -8 9 10 11 -12 13 -14 15 16 -17 18 -19 20 0
uf20-0846 70106 1 2 3 4 -5 6 7 8 9 -10 11 12 13 14 -15 16 17 -18 19 20 0
uf20-0847 45792 -1 2 3 4 5 6 -7 8 9 -10 -11 12 -13 14 -15 -16 -17 18 -19 -20 0
uf20-0848 46708 1 2 -3 4 -5 6 -7 8 -9 -10 -11 12 13 -14 15 16 -17 -18 -19 -20 0
uf20-0849 49455 1 -2 -3 4 -5 6 7 -8 9 -10 11 -12 -13 14 -15 -16 17 -18 -19 20 0
uf20-084 63194 -1 -2 3 4 -5 6 -7 8 9 10 -11 -12 13 14 15 -16 17 18 19 20 0
uf20-0850 46707 1 -2 -3 -4 -5 -6 -7 8 9 -10 11 -12 13 -14 15 16 -17 18 19 20 0
uf20-0851 38465 -1 2 3 -4 5 -6 -7 -8 9 10 11 -12 -13 -14 15 -16 -17 -18 19 -20 0
uf20-0852 37916 1 2 3 -4 5 -6 7 -8 -9 -10 -11 12 -13 14 -15 16 17 -18 19 -20 0
uf20-0853 68688 1 2 3 4 5 6 -7 -8 -9 10 -11 -12 13 14 -15 16 17 18 -19 20 0
uf20-0854 40296 1 -2 3 -4 -5 6 7 8 9 10 -11 12 -13 14 -15 -16 17 -18 -19 -20 0
uf20-0855 57698 -1 -2 3 4 5 6 7 8 -9 10 11 12 -13 14 -15 -16 -17 -18 19 -20 0
uf20-0856 37366 -1 -2 3 4 5 -6 7 8 9 10 11 12 13 14 15 -16 17 -18 19 -20 0
uf20-0857 35720 -1 -2 3 4 -5 6 -7 -8 -9 10 11 12 -13 14 15 -16 17 -18 -19 -20 0
uf20-0858 65940 1 -2 3 4 5 -6 -7 8 -9 -10 -11 12 13 -14 15 16 17 -18 19 20 0
uf20-0859 58612 1 2 -3 4 -5 6 7 8 -9 10 11 -12 -13 14 15 16 17 -18 -19 20 0
uf20-085 74183 1 2 -3 4 -5 -6 7 8 9 10 11 12 -13 -14 15 16 17 -18 19 20 0
uf20-0860 37400 -1 -2 -3 4 -5 6 7 -8 -9 10 -11 12 13 14 -15 16 -17 -18 19 20 0
uf20-0861 35168 -1 2 -3 4 -5 6 7 -8 -9 -10 11 12 13 14 -15 -16 17 -18 -19 -20 0
uf20-0862 47099 1 -2 3 4 5 6 7 -8 -9 -10 -11 12 -13 14 15 16 17 -18 -19 20 0
uf20-0863 37091 -1 2 -3 4 -5 6 -7 8 9 10 -11 -12 -13 -14 15 16 -17 -18 -19 -20 0
uf20-0864 60444 1 -2 3 4 -5 -6 7 8 -9 10 11 12 13 -14 15 16 -17 18 -19 20 0
uf20-0865 41213 1 2 -3 4 -5 -6 -7 -8 9 -10 -11 12 -13 14 15 16 -17 18 -19 -20 0
uf20-0866 50188 1 -2 3 -4 -5 6 -7 -8 9 10 -11 12 13 14 -15 16 17 -18 -19 20 0
uf20-0867 54950 -1 2 -3 4 -5 -6 -7 8 9 10 -11 -12 -13 14 15 16 17 -18 19 -20 0
uf20-0868 49213 1 2 3 4 5 -6 7 8 9 -10 11 12 -13 -14 15 -16 -17 -18 -19 20 0
uf20-0869 35719 -1 2 -3 4 -5 -6 -7 8 -9 10 11 -12 -13 14 15 -16 -17 -18 -19 20 0
uf20-086 36634 -1 2 -3 -4 5 6 7 8 9 10 -11 -12 -13 14 15 -16 17 -18 -19 -20 0
uf20-0870 70823 1 -2 3 4 5 -6 7 -8 9 10 11 12 -13 -14 15 16 17 18 19 20 0
uf20-0871 63192 1 2 -3 4 -5 6 7 8 9 10 11 12 -13 14 -15 -16 17 18 -19 -20 0
uf20-0872 40936 1 -2 3 4 -5 -6 -7 -8 9 -10 -11 12 13 14 -15 -16 17 18 -19 20 0
uf20-0873 87920 1 2 3 4 5 -6 7 -8 9 10 11 -12 13 14 15 16 17 -18 19 20 0
uf20-0874 72319 1 2 -3 4 5 6 7 8 -9 10 11 -12 13 14 15 16 17 18 19 20 0
uf20-0875 47257 -1 -2 -3 -4 5 -6 -7 8 9 10 11 -12 13 14 -15 16 17 18 -19 -20 0
uf20-0876 51103 1 2 -3 -4 -5 -6 7 8 9 -10 -11 12 13 -14 -15 16 17 18 19 20 0
uf20-0877 57698 1 2 -3 -4 5 -6 7 8 -9 10 -11 12 -13 -14 15 16 17 -18 -19 20 0
uf20-0878 37052 -1 2 3 4 -5 6 -7 -8 -9 10 11 12 13 -14 -15 -16 -17 18 19 -20 0
uf20-0879 54950 1 -2 3 -4 5 -6 -7 8 9 10 -11 12 -13 -14 -15 16 17 18 -19 20 0
uf20-087 59073 1 2 3 -4 -5 6 7 8 -9 10 11 12 13 14 15 16 -17 -18 19 20 0
uf20-0880 53302 -1 2 -3 4 5 6 -7 -8 9 10 11 12 -13 14 15 16 -17 18 -19 -20 0
uf20-0881 87920 1 2 3 4 -5 6 7 -8 9 -10 11 12 13 -14 15 16 17 18 19 20 0
uf20-0882 47624 -1 2 3 -4 5 -6 -7 8 9 10 -11 -12 -13 14 15 -16 -17 18 19 -20 0
uf20-0883 54950 -1 -2 3 -4 5 6 7 8 9 -10 11 12 13 -14 -15 16 -17 -18 -19 -20 0
uf20-0884 49455 -1 2 -3 4 5 -6 7 -8 9 -10 11 -12 13 14 -15 16 -17 -18 -19 20 0
uf20-0885 57305 1 -2 3 4 -5 6 -7 -8 9 -10 11 12 13 14 -15 -16 -17 18 19 20 0
uf20-0886 60445 1 -2 -3 4 5 -6 7 -8 -9 -10 11 12 13 14 -15 16 -17 18 19 20 0
uf20-0887 49455 -1 -2 -3 4 5 -6 -7 -8 -9 10 11 12 -13 14 -15 16 17 -18 -19 20 0
uf20-0888 50371 1 -2 -3 -4 -5 6 -7 8 -9 10 -11 -12 13 14 15 16 17 18 -19 20 0
uf20-0889 58613 1 -2 -3 4 5 -6 -7 8 -9 10 -11 12 -13 14 15 -16 17 18 19 20 0
uf20-088 41847 1 2 -3 -4 -5 -6 -7 8 9 10 11 -12 13 14 15 16 -17 18 -19 -20 0
uf20-0890 37094 1 2 3 -4 -5 -6 -7 -8 -9 -10 11 12 13 -14 15 -16 17 18 19 -20 0
uf20-0891 49456 -1 2 -3 4 5 6 7 8 -9 -10 11 12 13 -14 15 -16 -17 -18 -19 -20 0
uf20-0892 44877 -1 -2 -3 -4 5 6 -7 -8 9 10 11 -12 13 -14 15 16 17 18 -19 -20 0
uf20-0893 38465 -1 2 3 -4 -5 6 -7 -8 -9 -10 11 -12 -13 -14 15 16 -17 -18 19 -20 0
uf20-0894 60445 1 2 3 4 -5 6 -7 8 -9 10 -11 -12 -13 14 -15 -16 17 18 19 20 0
uf20-0895 33755 1 -2 -3 4 5 -6 7 -8 -9 -10 -11 -12 -13 14 15 16 -17 -18 19 -20 0
uf20-0896 27475 -1 -2 -3 4 5 -6 -7 8 9 -10 -11 -12 -13 14 -15 -16 -17 -18 -19 -20 0
uf20-0897 61820 1 2 3 4 5 -6 7 8 -9 -10 11 -12 13 14 15 -16 -17 18 19 -20 0
uf20-0898 39074 -1 -2 -3 4 -5 6 -7 8 9 -10 11 -12 -13 -14 -15 16 17 -18 19 20 0
uf20-0899 67039 1 2 3 -4 5 6 -7 8 9 10 -11 12 13 -14 15 -16 -17 18 19 20 0
uf20-089 37288 1 -2 -3 -4 5 -6 -7 8 9 10 -11 12 -13 14 -15 -16 -17 -18 19 20 0
uf20-08 30223 -1 -2 3 4 -5 6 -7 -8 9 -10 11 -12 13 -14 -15 -16 -17 -18 -19 20 0
uf20-0900 56628 1 -2 3 -4 5 6 7 8 9 -10 -11 12 13 14 -15 16 17 18 -19 20 0
uf20-0901 74183 1 2 3 -4 5 -6 -7 8 9 10 -11 12 13 14 -15 16 17 -18 19 20 0
uf20-0902 47013 -1 2 3 4 5 -6 -7 8 9 -10 -11 12 13 -14 15 16 -17 -18 -19 -20 0
uf20-0903 54951 -1 -2 3 4 5 6 -7 8 -9 10 -11 12 -13 14 15 16 -17 -18 -19 20 0
uf20-0904 59346 1 -2 3 4 5 -6 -7 8 9 -10 -11 12 13 -14 -15 16 -17 18 19 20 0
uf20-0905 46867 -1 -2 3 -4 5 -6 7 -8 9 -10 -11 12 13 14 15 -16 17 18 19 20 0
uf20-0906 34347 -1 -2 3 4 5 -6 7 -8 9 10 -11 -12 13 -14 -15 -16 17 18 19 -20 0
uf20-0907 41900 -1 2 3 -4 -5 6 7 -8 -9 10 11 -12 -13 -14 15 16 -17 -18 19 20 0
uf20-0908 30223 -1 -2 -3 4 -5 6 -7 -8 9 -10 11 -12 -13 -14 15 -16 -17 18 -19 -20 0
uf20-0909 52752 -1 2 3 -4 5 -6 7 8 -9 10 -11 -12 -13 14 15 16 -17 18 -19 20 0
uf20-090 40035 -1 -2 -3 4 -5 6 7 -8 -9 10 -11 -12 13 -14 15 16 17 18 19 20 0
uf20-0910 49873 -1 -2 3 4 5 6 -7 8 9 10 11 12 -13 14 15 -16 17 -18 -19 -20 0
uf20-0911 52276 -1 2 3 -4 -5 6 7 8 -9 10 11 12 -13 14 15 16 -17 -18 19 -20 0
uf20-0912 54950 1 2 3 -4 -5 6 -7 8 9 -10 11 -12 -13 14 15 -16 -17 18 19 -20 0
uf20-0913 57856 1 2 3 4 5 -6 7 8 -9 10 11 12 -13 14 -15 -16 -17 18 19 -20 0
uf20-0914 63193 1 -2 3 4 5 6 -7 -8 9 -10 11 12 13 -14 15 -16 17 -18 -19 20 0
uf20-0915 50675 -1 2 -3 -4 5 6 -7 8 -9 10 11 12 -13 14 15 16 17 -18 -19 -20 0
uf20-0916 68688 1 2 -3 4 -5 -6 7 8 -9 10 11 12 -13 14 15 16 17 18 19 -20 0
uf20-0917 42311 1 2 -3 -4 -5 -6 7 -8 -9 10 11 12 13 -14 -15 -16 -17 18 19 20 0
uf20-0918 45792 1 2 -3 -4 -5 6 -7 8 -9 10 11 -12 -13 -14 -15 16 -17 18 -19 20 0
uf20-0919 46710 -1 2 -3 4 5 6 7 -8 9 10 11 12 -13 -14 -15 -16 17 18 19 -20 0
uf20-091 38465 -1 -2 -3 4 5 -6 -7 -8 -9 -10 -11 -12 13 -14 15 16 -17 -18 19 20 0
uf20-0920 67039 1 2 3 4 -5 6 -7 8 -9 10 11 -12 13 14 -15 16 17 18 19 20 0
uf20-0921 57305 -1 -2 3 -4 5 -6 -7 8 9 10 11 12 13 -14 -15 16 17 18 19 20 0
uf20-0922 71436 1 2 -3 4 5 6 -7 8 -9 -10 11 -12 13 14 15 16 -17 18 19 20 0
uf20-0923 61099 1 2 3 -4 -5 -6 7 8 9 10 11 12 13 -14 15 16 17 -18 -19 20 0
uf20-0924 71435 -1 2 3 4 5 6 7 8 -9 -10 -11 12 -13 14 15 16 17 -18 -19 20 0
uf20-0925 43959 -1 2 3 -4 5 6 -7 8 9 -10 -11 -12 -13 14 15 -16 17 18 19 -20 0
uf20-0926 49456 -1 2 3 4 -5 -6 7 -8 9 -10 -11 12 13 14 15 -16 -17 -18 19 20 0
uf20-0927 57698 -1 2 -3 4 5 -6 7 -8 -9 -10 11 12 -13 14 15 16 -17 18 19 20 0
uf20-0928 46708 -1 2 -3 4 -5 -6 -7 8 9 -10 11 12 -13 -14 -15 -16 17 18 -19 20 0
uf20-0929 49456 -1 2 -3 -4 5 -6 7 -8 9 -10 11 12 13 -14 15 16 -17 -18 -19 20 0
uf20-092 65941 1 -2 3 4 5 -6 7 8 -9 -10 11 12 13 14 15 16 17 -18 -19 -20 0
uf20-0930 46708 -1 2 3 -4 -5 -6 7 -8 9 -10 11 -12 -13 14 -15 -16 -17 18 19 20 0
uf20-0931 67315 -1 2 3 4 -5 6 7 8 9 10 11 12 13 -14 -15 16 -17 -18 19 20 0
uf20-0932 46157 1 2 -3 4 5 -6 7 8 -9 -10 -11 12 13 14 -15 -16 -17 18 19 20 0
uf20-0933 45335 -1 2 3 4 5 6 -7 -8 9 -10 -11 -12 -13 14 15 -16 17 -18 -19 20 0
uf20-0934 61665 1 -2 3 4 5 -6 7 8 9 -10 11 -12 13 14 15 16 -17 -18 19 -20 0
uf20-0935 76377 1 -2 3 4 5 6 7 8 -9 -10 -11 12 13 14 15 16 17 18 19 20 0
uf20-0936 60445 -1 -2 3 4 5 -6 -7 8 9 10 11 12 -13 -14 -15 16 17 -18 19 -20 0
uf20-0937 49455 -1 -2 -3 4 -5 -6 7 8 -9 10 -11 12 -13 -14 15 16 -17 -18 19 20 0
uf20-0938 76930 -1 2 -3 4 5 -6 7 8 -9 10 11 12 13 14 -15 16 17 -18 19 20 0
uf20-0939 54035 -1 2 3 -4 5 -6 7 8 9 -10 11 12 -13 14 -15 16 -17 -18 19 20 0
uf20-093 34803 -1 2 3 4 -5 -6 -7 -8 -9 -10 -11 12 13 14 15 -16 -17 18 19 20 0
uf20-0940 55949 -1 2 3 4 5 6 7 -8 -9 10 -11 12 13 -14 15 16 -17 -18 19 -20 0
uf20-0941 43313 -1 2 3 -4 -5 -6 -7 8 9 10 -11 -12 13 14 -15 16 17 -18 -19 20 0
uf20-0942 53298 1 2 3 4 5 6 7 -8 9 -10 11 -12 -13 -14 15 -16 17 -18 19 20 0
uf20-0943 43960 -1 2 -3 4 5 -6 7 -8 -9 -10 -11 12 -13 14 15 16 -17 -18 -19 -20 0
uf20-0944 38466 -1 2 3 4 5 -6 -7 -8 -9 -10 -11 -12 13 -14 15 16 -17 -18 19 -20 0
uf20-0945 46708 -1 2 -3 4 5 6 -7 -8 9 -10 -11 -12 13 14 -15 -16 17 -18 -19 20 0
uf20-0946 61621 1 -2 3 -4 5 6 7 -8 -9 -10 11 12 13 -14 -15 16 17 18 19 20 0
uf20-0947 38464 -1 -2 -3 4 -5 -6 -7 8 9 10 11 -12 -13 -14 15 16 -17 -18 19 20 0
uf20-0948 68688 -1 2 3 -4 -5 -6 7 8 -9 10 11 12 13 14 15 -16 17 18 19 -20 0
uf20-0949 41605 1 -2 -3 4 -5 6 -7 -8 9 -10 11 12 13 14 -15 -16 17 -18 -19 -20 0
uf20-094 57698 1 2 3 -4 5 -6 -7 8 -9 10 11 -12 13 -14 -15 16 17 18 -19 -20 0
uf20-0950 60445 1 -2 3 -4 5 6 7 8 -9 -10 -11 12 13 14 -15 -16 17 -18 -19 20 0
uf20-0951 41809 1 2 -3 4 -5 6 -7 8 9 10 -11 12 -13 -14 15 -16 17 18 -19 20 0
uf20-0952 45059 1 -2 3 -4 5 -6 -7 8 9 10 11 -12 13 -14 -15 -16 -17 18 -19 20 0
uf20-0953 49167 -1 -2 3 4 5 6 7 -8 9 -10 11 12 -13 -14 15 16 17 18 19 -20 0
uf20-0954 60445 -1 2 3 -4 5 6 -7 -8 -9 10 -11 12 13 14 15 -16 17 -18 -19 20 0
uf20-0955 46157 1 2 3 -4 -5 -6 7 -8 -9 10 -11 -12 13 -14 15 16 -17 18 19 20 0
uf20-0956 56782 -1 2 -3 4 -5 6 -7 -8 9 -10 11 -12 -13 14 -15 16 17 18 19 20 0
uf20-0957 77055 1 -2 3 -4 5 -6 7 -8 9 -10 -11 -12 -13 14 15 -16 17 18 -19 20 0
uf20-0958 58843 1 -2 3 4 -5 6 -7 -8 -9 10 -11 -12 -13 -14 15 16 -17 -18 -19 20 0
uf20-0959 73549 1 -2 -3 4 -5 -6 7 8 9 10 -11 -12 -13 -14 15 16 -17 18 19 20 0
uf20-095 117684 1 -2 3 -4 -5 -6 7 8 9 10 11 12 13 14 15 16 17 18 -19 20 0
uf20-0960 84060 1 -2 3 4 -5 6 7 8 9 -10 -11 -12 -13 14 15 -16 -17 -18 19 -20 0
uf20-0961 65566 1 2 -3 -4 -5 -6 7 8 9 10 11 -12 -13 -14 15 -16 17 18 -19 -20 0
uf20-0962 67248 1 2 -3 4 -5 6 -7 -8 9 -10 -11 -12 -13 14 15 -16 -17 -18 -19 20 0
uf20-0963 75655 1 -2 -3 4 5 -6 -7 8 9 -10 -11 -12 13 -14 15 16 -17 18 19 20 0
uf20-0964 57103 1 -2 -3 4 5 6 -7 8 -9 10 -11 -12 13 14 15 16 17 -18 -19 20 0
uf20-0965 74339 1 2 3 4 -5 -6 -7 8 -9 -10 11 12 -13 14 15 16 -17 18 -19 20 0
uf20-0966 74603 -1 -2 3 4 -5 -6 -7 8 9 -10 11 -12 13 14 -15 16 17 18 19 20 0
uf20-0967 112080 -1 2 3 -4 5 6 7 -8 -9 -10 11 12 13 14 15 16 17 18 19 20 0
uf20-0968 60942 1 2 3 4 -5 6 -7 -8 -9 -10 11 -12 -13 -14 -15 -16 17 -18 19 20 0
uf20-0969 75655 -1 2 3 4 5 6 7 -8 -9 -10 -11 12 -13 -14 -15 -16 -17 18 19 20 0
uf20-096 67248 -1 2 -3 4 -5 6 -7 8 -9 -10 11 -12 -13 -14 15 16 17 -18 -19 -20 0
uf20-0970 73552 1 -2 3 -4 5 -6 7 8 9 -10 -11 -12 13 -14 -15 16 -17 18 19 20 0
uf20-0971 109278 1 -2 -3 4 5 -6 -7 8 9 10 11 12 -13 -14 -15 16 17 18 19 20 0
uf20-0972 67248 1 -2 -3 -4 -5 6 -7 -8 -9 -10 -11 12 -13 14 15 16 -17 -18 19 20 0
uf20-0973 88263 -1 2 -3 4 5 -6 7 -8 9 -10 -11 -12 13 14 15 16 17 -18 -19 20 0
uf20-0974 67248 1 -2 -3 4 5 6 -7 -8 -9 -10 -11 -12 -13 14 15 -16 17 -18 19 20 0
uf20-0975 92933 1 -2 3 4 -5 6 -7 -8 9 10 -11 12 13 -14 -15 16 17 18 19 20 0
uf20-0976 63045 -1 -2 3 -4 -5 -6 -7 8 9 -10 -11 -12 13 14 -15 16 -17 -18 19 20 0
uf20-0977 79857 1 2 -3 4 5 6 7 -8 -9 -10 -11 -12 13 -14 15 -16 17 -18 -19 20 0
uf20-0978 92466 1 -2 -3 4 5 -6 7 8 -9 -10 -11 12 -13 14 15 -16 17 -18 19 20 0
uf20-0979 100872 1 -2 3 4 5 6 -7 -8 9 10 11 12 -13 14 -15 16 17 -18 -19 -20 0
uf20-097 60944 1 2 3 -4 5 -6 7 -8 9 10 -11 -12 -13 -14 15 16 -17 -18 -19 -20 0
uf20-0980 58842 1 -2 3 -4 -5 6 -7 8 9 -10 -11 -12 -13 14 -15 16 -17 -18 -19 -20 0
uf20-0981 82380 -1 2 3 4 5 -6 -7 8 -9 -10 11 12 -13 -14 15 16 17 18 -19 -20 0
uf20-0982 71451 1 -2 3 4 5 -6 -7 8 -9 10 11 -12 -13 14 -15 16 -17 18 -19 20 0
uf20-0983 54640 1 2 -3 -4 5 -6 7 -8 -9 10 -11 -12 -13 14 -15 16 17 -18 -19 20 0
uf20-0984 75654 1 -2 -3 -4 5 -6 7 8 -9 -10 11 -12 13 -14 -15 -16 17 18 19 -20 0
uf20-0985 88263 1 -2 3 4 5 -6 -7 -8 9 -10 11 12 -13 14 -15 -16 17 -18 19 20 0
uf20-0986 56040 1 2 -3 4 5 6 -7 -8 -9 -10 11 12 13 -14 15 -16 -17 18 -19 -20 0
uf20-0987 71449 -1 2 -3 4 5 -6 7 8 9 10 11 -12 13 -14 -15 16 -17 18 -19 -20 0
uf20-0988 104853 1 2 3 4 -5 6 -7 8 -9 10 11 12 -13 -14 15 16 17 18 19 20 0
uf20-0989 67250 -1 -2 -3 4 -5 6 7 8 9 -10 -11 -12 13 14 15 16 17 -18 -19 -20 0
uf20-098 80699 1 2 -3 -4 5 -6 7 -8 9 10 -11 -12 13 14 -15 -16 17 18 -19 20 0
uf20-0990 107877 1 -2 3 4 5 6 7 8 -9 10 11 -12 13 -14 -15 16 17 18 -19 20 0
uf20-0991 59985 1 -2 3 4 5 6 -7 -8 9 -10 -11 12 -13 -14 -15 16 17 -18 19 20 0
uf20-0992 58842 1 -2 -3 4 -5 6 -7 -8 -9 -10 11 12 -13 -14 15 -16 -17 18 19 -20 0
uf20-0993 88263 1 2 3 -4 -5 6 7 8 -9 -10 -11 12 -13 -14 -15 -16 17 18 19 20 0
uf20-0994 73850 -1 -2 3 4 5 6 7 -8 9 10 11 12 -13 -14 15 -16 17 18 19 -20 0
uf20-0995 92466 -1 2 3 4 -5 6 7 -8 9 10 11 -12 -13 14 15 16 -17 18 -19 -20 0
uf20-0996 65568 1 -2 -3 -4 -5 -6 -7 8 -9 10 11 -12 13 14 -15 16 -17 18 19 -20 0
uf20-0997 62668 -1 2 3 -4 5 6 7 8 -9 10 11 12 13 -14 15 16 -17 18 -19 20 0
uf20-0998 98469 -1 2 -3 4 -5 6 7 8 9 10 11 -12 -13 -14 -15 16 17 18 19 20 0
uf20-0999 81500 1 -2 3 4 5 -6 7 8 9 -10 -11 12 13 -14 15 -16 17 -18 19 20 0
uf20-099 59889 -1 -2 -3 4 5 6 -7 8 -9 10 11 12 -13 14 15 16 -17 -18 -19 -20 0
uf20-09 92466 -1 2 3 -4 -5 6 -7 8 -9 10 11 12 13 -14 15 16 17 -18 -19 -20 0
