uf20-01000 8 -1 2 -3 4 5 -6 7 -8 9 -10 -11 -12 -13 -14 -15 16 17 -18 19 -20 0
uf20-0100 2396 -1 2 3 -4 5 6 -7 8 9 10 -11 -12 13 14 15 -16 17 -18 19 20 0
uf20-0101 1203 1 -2 -3 4 -5 6 -7 8 -9 10 -11 -12 -13 14 15 16 17 -18 19 20 0
uf20-0102 1205 1 2 -3 4 -5 6 7 8 9 10 -11 12 13 14 15 -16 -17 -18 19 -20 0
uf20-0103 11 -1 2 3 4 5 -6 -7 -8 9 -10 11 -12 13 -14 15 16 -17 18 19 -20 0
uf20-0104 2301 1 -2 -3 -4 5 -6 -7 -8 9 10 11 -12 13 -14 -15 -16 17 18 -19 20 0
uf20-0105 8 -1 -2 -3 -4 -5 6 -7 8 9 -10 -11 12 -13 -14 15 -16 17 -18 19 20 0
uf20-0106 9 -1 -2 -3 -4 5 -6 -7 8 -9 10 11 12 -13 14 -15 -16 -17 18 19 20 0
uf20-0107 11 -1 2 3 4 -5 -6 7 -8 9 10 -11 12 -13 -14 15 -16 17 -18 19 20 0
uf20-0108 3189 1 2 -3 4 5 6 -7 8 9 -10 -11 -12 13 14 15 16 17 -18 19 -20 0
uf20-0109 406 1 -2 3 4 5 -6 7 -8 9 -10 11 -12 -13 -14 -15 -16 17 -18 19 -20 0
uf20-010 2748 -1 2 -3 -4 5 6 7 8 -9 -10 -11 12 13 14 15 16 -17 -18 19 20 0
uf20-0110 5067 1 -2 3 4 5 6 7 8 9 -10 11 -12 13 14 15 16 17 18 19 -20 0
uf20-0111 2907 1 2 3 4 5 6 7 8 9 -10 -11 12 -13 14 15 16 -17 -18 19 -20 0
uf20-0112 1489 -1 2 3 4 5 6 7 -8 -9 10 11 -12 13 14 15 16 17 -18 19 -20 0
uf20-0113 11 1 -2 3 -4 -5 6 7 8 9 10 11 -12 -13 14 -15 -16 17 -18 19 -20 0
uf20-0114 2514 1 -2 -3 -4 5 6 -7 -8 -9 -10 11 12 13 14 15 -16 -17 -18 19 20 0
uf20-0115 2986 1 2 3 -4 -5 -6 -7 -8 -9 10 11 -12 -13 14 -15 -16 17 -18 -19 20 0
uf20-0116 3986 1 -2 3 4 -5 6 7 8 -9 -10 -11 -12 13 14 -15 -16 17 -18 19 20 0
uf20-0117 407 1 -2 -3 4 -5 6 7 -8 -9 10 11 12 -13 -14 -15 -16 17 18 19 -20 0
uf20-0118 2693 1 -2 -3 4 5 -6 7 8 9 10 11 -12 13 14 -15 16 17 -18 19 -20 0
uf20-0119 803 1 -2 3 -4 5 6 7 -8 -9 -10 -11 -12 -13 14 -15 16 -17 18 -19 -20 0
uf20-011 3087 1 2 3 4 -5 6 7 -8 -9 10 -11 12 -13 14 -15 16 17 -18 19 20 0
uf20-0120 1880 1 -2 3 4 5 6 7 -8 -9 10 11 12 -13 -14 15 16 17 18 -19 -20 0
uf20-0121 2693 1 2 3 4 -5 6 7 8 -9 -10 11 -12 -13 -14 -15 -16 17 18 19 20 0
uf20-0122 810 1 2 3 4 5 6 7 8 9 10 -11 12 -13 14 -15 -16 17 18 19 -20 0
uf20-0123 410 1 2 3 4 -5 -6 -7 8 9 -10 -11 12 13 14 15 -16 17 18 -19 20 0
uf20-0124 4132 -1 2 3 4 5 6 7 -8 9 -10 11 12 13 14 -15 -16 17 18 19 20 0
uf20-0125 3194 1 2 3 4 5 6 7 -8 -9 10 11 12 13 14 -15 -16 17 -18 19 20 0
uf20-0126 4250 -1 -2 -3 -4 5 6 7 8 9 10 11 12 -13 14 -15 16 -17 -18 -19 20 0
uf20-0127 4051 1 2 3 -4 -5 6 -7 -8 9 10 11 12 13 14 15 16 -17 -18 -19 20 0
uf20-0128 1072 -1 -2 3 4 -5 6 7 8 -9 10 11 12 13 14 15 -16 -17 -18 -19 20 0
uf20-0129 1487 1 -2 3 4 5 6 -7 8 9 10 -11 -12 -13 14 -15 -16 17 -18 19 20 0
uf20-012 3178 1 2 -3 4 -5 6 -7 -8 -9 -10 -11 12 13 14 15 -16 17 18 19 20 0
uf20-0130 1200 1 -2 -3 -4 5 -6 -7 -8 -9 10 -11 12 -13 -14 15 16 -17 18 -19 20 0
uf20-0131 3633 -1 -2 3 4 5 -6 -7 8 9 10 -11 12 13 14 15 -16 17 18 19 20 0
uf20-0132 13 1 2 3 4 5 6 -7 8 -9 10 11 12 -13 -14 -15 -16 17 18 19 -20 0
uf20-0133 2080 -1 2 3 4 -5 6 -7 -8 9 10 11 12 13 14 -15 16 17 -18 -19 20 0
uf20-0134 2686 -1 2 -3 -4 5 -6 -7 -8 9 10 11 12 13 14 -15 16 17 18 -19 20 0
uf20-0135 409 -1 2 3 -4 -5 -6 7 -8 -9 10 11 12 13 14 -15 -16 17 18 19 20 0
uf20-0136 1207 1 -2 3 -4 5 6 7 8 9 10 11 -12 13 14 15 16 17 -18 -19 20 0
uf20-0137 4844 -1 2 3 4 -5 -6 7 8 9 10 -11 -12 13 14 -15 16 -17 -18 -19 20 0
uf20-0138 541 -1 -2 3 4 -5 -6 7 8 -9 10 11 -12 13 -14 15 16 17 -18 19 -20 0
uf20-0139 5250 -1 -2 -3 4 5 -6 -7 -8 9 10 11 -12 13 14 15 -16 -17 -18 19 -20 0
uf20-013 801 -1 -2 -3 -4 5 6 7 8 -9 -10 -11 12 -13 -14 -15 16 -17 -18 -19 20 0
uf20-0140 3351 1 2 3 -4 5 -6 7 8 9 -10 -11 12 13 -14 -15 16 17 18 -19 -20 0
uf20-0141 9 -1 2 -3 -4 -5 6 -7 -8 9 -10 -11 12 -13 14 15 -16 17 -18 19 20 0
uf20-0142 1996 1 2 -3 4 -5 -6 7 8 -9 -10 11 12 13 14 15 -16 -17 -18 19 20 0
uf20-0143 2944 -1 2 3 4 5 6 7 8 -9 10 11 12 -13 14 15 16 -17 -18 19 -20 0
uf20-0144 3489 -1 2 3 -4 -5 -6 7 8 9 -10 -11 12 13 -14 -15 16 -17 -18 -19 20 0
uf20-0145 1601 1 2 3 -4 5 -6 -7 8 9 10 -11 12 13 -14 15 16 17 -18 -19 -20 0
uf20-0146 2280 -1 2 -3 4 -5 6 7 8 -9 -10 -11 12 13 -14 15 -16 -17 18 19 -20 0
uf20-0147 409 1 2 3 -4 5 -6 7 8 -9 10 -11 -12 13 14 15 16 -17 18 -19 -20 0
uf20-0148 1601 1 2 -3 4 5 -6 -7 8 -9 10 11 12 -13 -14 15 -16 17 -18 -19 20 0
uf20-0149 1596 -1 -2 -3 4 -5 -6 7 -8 9 -10 -11 12 13 -14 15 16 17 -18 19 -20 0
uf20-014 1204 1 2 3 4 5 6 -7 -8 -9 10 11 12 13 -14 -15 -16 -17 18 19 -20 0
uf20-0150 1679 -1 2 3 4 -5 -6 -7 8 -9 -10 11 12 -13 14 -15 16 -17 18 19 -20 0
uf20-0151 2531 1 2 3 4 -5 6 7 8 -9 10 -11 12 13 -14 -15 16 17 18 -19 20 0
uf20-0152 3935 -1 2 3 4 5 6 7 -8 -9 -10 -11 -12 -13 -14 15 -16 17 18 19 -20 0
uf20-0153 3286 -1 2 3 -4 5 6 7 8 9 10 -11 -12 13 14 15 -16 17 18 -19 -20 0
uf20-0154 13 1 -2 3 -4 5 6 7 8 9 10 -11 12 13 14 -15 -16 17 18 -19 -20 0
uf20-0155 2700 1 2 3 4 -5 6 -7 8 9 10 11 -12 -13 14 15 16 -17 18 -19 20 0
uf20-0156 3982 1 2 -3 4 -5 -6 -7 8 9 -10 -11 12 13 -14 -15 16 -17 -18 -19 20 0
uf20-0157 935 -1 2 3 4 -5 -6 -7 -8 9 10 -11 12 -13 14 -15 16 -17 -18 -19 -20 0
uf20-0158 4438 -1 2 -3 4 5 6 -7 -8 9 -10 -11 12 13 14 -15 16 17 18 19 20 0
uf20-0159 1599 -1 2 -3 4 5 -6 -7 8 9 10 -11 -12 13 14 15 -16 17 -18 -19 20 0
uf20-015 4312 -1 -2 -3 4 5 6 7 -8 9 10 11 -12 13 14 15 16 -17 18 -19 -20 0
uf20-0160 807 1 2 -3 4 5 6 7 8 -9 -10 11 -12 13 -14 -15 16 17 18 -19 20 0
uf20-0161 1841 1 2 -3 4 5 6 7 8 -9 10 -11 12 13 -14 15 16 -17 18 -19 -20 0
uf20-0162 2339 -1 2 -3 -4 -5 6 7 -8 9 10 11 12 -13 14 15 16 17 18 19 -20 0
uf20-0163 3227 -1 2 3 4 5 6 -7 8 -9 10 -11 12 13 14 15 -16 -17 18 19 20 0
uf20-0164 3798 1 -2 3 4 -5 6 7 8 9 10 11 -12 13 -14 -15 -16 17 -18 19 -20 0
uf20-0165 2596 1 2 3 -4 5 -6 -7 8 9 10 11 -12 13 14 15 -16 17 18 19 20 0
uf20-0166 807 1 2 3 4 -5 6 7 -8 -9 10 -11 12 -13 -14 -15 16 17 18 19 20 0
uf20-0167 406 -1 -2 3 -4 -5 -6 -7 8 9 10 11 12 13 14 15 -16 -17 -18 -19 -20 0
uf20-0168 1797 1 -2 3 -4 5 6 7 -8 -9 -10 11 -12 -13 14 15 16 17 -18 -19 -20 0
uf20-0169 1920 -1 -2 -3 4 5 6 -7 8 9 10 11 -12 13 -14 15 16 17 18 -19 -20 0
uf20-016 1761 -1 2 3 4 -5 -6 7 8 9 10 11 12 -13 14 15 -16 -17 18 -19 -20 0
uf20-0170 1602 -1 2 3 4 5 -6 7 8 9 -10 11 12 13 14 -15 16 17 -18 19 -20 0
uf20-0171 1817 -1 2 3 -4 5 6 7 -8 9 -10 11 12 13 -14 -15 16 -17 18 -19 20 0
uf20-0172 8 -1 -2 -3 -4 -5 -6 -7 -8 9 -10 11 12 -13 -14 15 16 -17 18 19 20 0
uf20-0173 3053 -1 -2 3 -4 -5 -6 -7 -8 9 10 -11 12 -13 14 -15 16 -17 18 -19 -20 0
uf20-0174 1205 1 -2 3 4 5 6 -7 8 -9 10 -11 12 13 -14 -15 -16 17 18 19 20 0
uf20-0175 1124 1 2 -3 -4 -5 6 -7 8 9 10 -11 12 13 14 -15 16 -17 18 -19 -20 0
uf20-0176 6 -1 -2 -3 4 -5 6 -7 -8 -9 -10 -11 12 -13 -14 -15 -16 17 18 -19 20 0
uf20-0177 806 -1 -2 -3 4 -5 6 7 -8 9 -10 11 -12 -13 14 -15 16 17 18 19 20 0
uf20-0178 1200 -1 2 -3 -4 5 -6 -7 8 9 -10 11 12 -13 -14 15 -16 -17 -18 19 20 0
uf20-0179 1073 1 -2 -3 4 5 6 7 8 9 10 -11 -12 13 -14 15 -16 17 18 -19 20 0
uf20-017 2795 1 2 -3 4 -5 6 7 8 9 10 -11 12 13 -14 15 -16 17 -18 19 20 0
uf20-0180 409 1 2 3 4 -5 -6 7 8 9 10 11 12 -13 -14 15 -16 -17 -18 -19 20 0
uf20-0181 2132 -1 2 -3 4 -5 6 7 8 9 -10 -11 12 13 14 15 16 -17 -18 19 20 0
uf20-0182 2960 -1 -2 3 4 5 -6 7 -8 9 10 11 12 -13 -14 -15 -16 -17 -18 19 -20 0
uf20-0183 1070 1 -2 3 4 -5 6 -7 8 -9 -10 -11 -12 -13 14 -15 16 -17 18 19 20 0
uf20-0184 1678 -1 2 -3 4 5 -6 7 -8 9 -10 -11 -12 -13 14 15 16 17 -18 -19 -20 0
uf20-0185 11 -1 -2 -3 4 5 6 7 8 -9 -10 11 -12 -13 14 15 16 17 -18 19 -20 0
uf20-0186 1998 -1 2 3 -4 5 6 -7 8 9 10 11 -12 -13 -14 15 16 17 18 -19 -20 0
uf20-0187 2908 -1 2 -3 -4 -5 6 -7 -8 -9 -10 11 -12 -13 14 15 -16 17 18 19 20 0
uf20-0188 1997 -1 -2 3 4 5 6 -7 -8 9 -10 11 12 13 14 15 -16 -17 -18 19 -20 0
uf20-0189 4436 1 -2 3 4 -5 -6 7 -8 9 -10 11 -12 13 -14 15 -16 17 18 19 20 0
uf20-018 13 -1 2 3 -4 5 -6 -7 8 9 -10 -11 12 13 14 15 16 -17 18 19 20 0
uf20-0190 4107 -1 2 -3 4 5 6 7 8 -9 10 -11 12 13 14 15 16 17 -18 19 -20 0
uf20-0191 418 -1 2 3 -4 -5 -6 7 -8 9 10 -11 -12 -13 14 15 16 17 -18 19 20 0
uf20-0192 414 -1 -2 -3 -4 5 -6 -7 8 -9 -10 -11 -12 -13 -14 15 16 17 18 -19 20 0
uf20-0193 417 -1 -2 -3 4 -5 -6 -7 8 -9 -10 11 12 -13 14 15 16 17 18 -19 20 0
uf20-0194 1690 -1 -2 -3 -4 5 6 7 -8 9 -10 -11 -12 13 14 15 16 -17 18 19 20 0
uf20-0195 2950 1 2 3 4 5 -6 7 -8 9 10 11 12 -13 -14 15 -16 -17 18 -19 20 0
uf20-0196 1841 1 2 3 -4 -5 -6 -7 -8 9 -10 -11 12 13 14 15 16 -17 -18 19 20 0
uf20-0197 12 1 2 -3 -4 5 -6 7 8 -9 10 -11 -12 13 14 15 -16 17 -18 19 20 0
uf20-0198 824 1 -2 -3 4 5 -6 7 8 -9 10 -11 12 13 -14 -15 16 17 -18 19 -20 0
uf20-0199 1234 -1 2 -3 -4 -5 6 7 8 9 10 11 -12 -13 14 15 16 17 -18 19 20 0
uf20-019 418 -1 -2 3 4 5 -6 -7 8 9 -10 11 12 13 14 -15 -16 -17 18 19 -20 0
uf20-01 5403 -1 2 3 4 -5 -6 -7 8 9 10 11 -12 -13 14 15 -16 17 18 19 20 0
uf20-0200 3263 1 -2 3 -4 5 -6 7 -8 9 -10 -11 -12 13 -14 15 16 17 18 -19 20 0
uf20-0201 1230 -1 -2 3 4 5 -6 7 -8 9 10 11 -12 13 -14 -15 -16 17 18 -19 -20 0
uf20-0202 1800 -1 -2 3 -4 5 -6 7 -8 9 10 11 12 -13 14 15 -16 -17 -18 19 20 0
uf20-0203 416 1 -2 -3 -4 -5 6 -7 8 9 -10 11 12 -13 -14 15 -16 17 -18 19 -20 0
uf20-0204 2451 -1 2 3 4 5 6 7 8 9 10 -11 -12 13 -14 -15 -16 -17 18 19 -20 0
uf20-0205 1638 -1 2 3 -4 -5 -6 7 8 9 -10 11 12 13 -14 -15 16 17 18 -19 -20 0
uf20-0206 2272 1 2 3 4 5 -6 7 -8 9 -10 11 -12 -13 14 15 -16 17 18 19 -20 0
uf20-0207 417 1 -2 -3 -4 -5 -6 7 8 9 10 -11 12 13 14 -15 -16 17 -18 19 -20 0
uf20-0208 2917 1 2 -3 4 5 6 -7 8 9 -10 11 12 -13 -14 -15 16 17 18 -19 20 0
uf20-0209 418 1 2 3 -4 -5 -6 7 -8 9 -10 11 12 13 14 -15 -16 -17 18 19 -20 0
uf20-020 4308 -1 2 -3 4 -5 6 7 8 9 10 -11 -12 13 -14 -15 16 17 -18 -19 -20 0
uf20-0210 4089 -1 -2 -3 4 -5 -6 -7 8 -9 10 11 12 13 14 -15 16 -17 -18 19 -20 0
uf20-0211 2857 1 -2 3 -4 -5 6 7 8 9 -10 -11 -12 13 -14 -15 16 -17 18 -19 20 0
uf20-0212 3220 1 2 3 4 -5 6 -7 8 -9 10 -11 -12 13 14 -15 -16 17 18 -19 -20 0
uf20-0213 1148 1 2 3 -4 5 6 -7 -8 9 -10 11 -12 -13 -14 15 -16 17 18 -19 -20 0
uf20-0214 14 1 2 -3 4 5 6 -7 -8 9 10 11 -12 13 14 15 -16 17 18 -19 20 0
uf20-0215 5105 1 2 3 4 5 6 7 -8 -9 10 11 12 13 -14 15 16 -17 18 19 20 0
uf20-0216 827 1 -2 3 4 -5 -6 7 8 9 10 -11 12 13 14 -15 -16 17 18 19 -20 0
uf20-0217 1523 1 -2 3 -4 5 6 7 8 9 -10 11 -12 -13 14 15 -16 -17 18 19 20 0
uf20-0218 3002 -1 2 -3 -4 5 6 7 8 9 10 11 12 13 14 -15 -16 17 18 -19 20 0
uf20-0219 8 1 2 3 4 -5 6 -7 -8 -9 10 -11 -12 -13 14 -15 -16 17 -18 -19 -20 0
uf20-021 1639 1 2 3 -4 -5 6 -7 8 -9 -10 11 12 13 14 15 -16 -17 18 -19 -20 0
uf20-0220 2798 1 -2 3 4 -5 6 7 8 -9 10 -11 12 13 14 15 -16 17 -18 -19 -20 0
uf20-0221 1031 -1 2 3 4 -5 -6 7 8 9 -10 11 12 13 14 15 16 -17 18 19 20 0
uf20-0222 2180 -1 -2 3 4 5 6 7 -8 -9 10 11 -12 13 14 15 -16 17 -18 -19 20 0
uf20-0223 1096 -1 2 3 -4 5 6 7 8 9 -10 -11 -12 -13 14 -15 16 17 18 -19 20 0
uf20-0224 415 -1 2 -3 -4 5 6 7 -8 -9 -10 -11 12 -13 -14 15 -16 -17 -18 19 20 0
uf20-0225 818 1 -2 -3 4 -5 -6 7 -8 -9 -10 -11 -12 -13 14 -15 -16 -17 -18 19 -20 0
uf20-0226 5299 -1 2 3 4 5 6 7 8 9 10 -11 12 13 14 -15 -16 17 -18 19 -20 0
uf20-0227 3720 1 2 3 -4 5 6 7 8 9 -10 -11 12 13 14 -15 16 17 -18 19 20 0
uf20-0228 825 1 -2 -3 4 5 6 -7 8 -9 10 11 -12 -13 -14 15 16 17 18 19 -20 0
uf20-0229 3164 -1 2 -3 4 5 6 7 8 9 -10 -11 12 -13 14 15 -16 17 18 -19 20 0
uf20-022 1637 -1 2 -3 4 -5 -6 7 -8 9 -10 11 12 13 -14 -15 16 -17 -18 19 -20 0
uf20-0230 4404 1 2 -3 4 -5 6 7 8 9 -10 11 12 13 -14 15 16 -17 18 -19 20 0
uf20-0231 11 -1 -2 -3 4 -5 6 -7 8 9 -10 11 12 -13 14 -15 16 17 -18 19 20 0
uf20-0232 419 1 -2 -3 4 5 -6 7 8 -9 10 11 -12 13 -14 15 16 -17 18 19 -20 0
uf20-0233 1406 1 -2 3 4 5 -6 7 -8 -9 -10 11 -12 13 14 15 16 17 18 -19 -20 0
uf20-0234 1369 1 -2 3 4 5 6 -7 -8 9 -10 11 12 -13 14 -15 16 17 18 -19 20 0
uf20-0235 2002 1 2 3 4 5 -6 7 8 -9 10 11 12 13 14 -15 -16 -17 18 19 20 0
uf20-0236 421 1 2 3 -4 -5 6 -7 8 9 -10 11 12 13 14 -15 16 17 -18 19 20 0
uf20-0237 4677 -1 -2 -3 4 -5 -6 7 -8 -9 10 -11 12 13 -14 15 16 -17 18 19 20 0
uf20-0238 823 1 2 3 4 -5 -6 -7 8 9 10 -11 -12 -13 -14 15 -16 17 -18 -19 -20 0
uf20-0239 4078 -1 2 3 4 5 -6 7 -8 -9 10 -11 12 13 14 15 16 -17 18 -19 -20 0
uf20-023 2246 -1 -2 3 4 -5 6 7 8 -9 10 -11 12 -13 -14 -15 16 17 18 -19 -20 0
uf20-0240 961 -1 2 3 4 5 -6 7 8 9 -10 -11 -12 -13 14 -15 16 17 18 -19 20 0
uf20-0241 2452 -1 -2 -3 -4 5 -6 7 -8 9 10 11 -12 13 -14 15 -16 17 -18 19 20 0
uf20-0242 2257 1 2 -3 -4 -5 6 7 8 -9 -10 -11 12 13 14 15 16 17 18 19 -20 0
uf20-0243 1771 -1 -2 -3 -4 -5 6 -7 8 -9 -10 11 -12 -13 14 15 16 17 -18 19 20 0
uf20-0244 824 -1 -2 3 -4 -5 6 7 8 9 10 11 -12 -13 14 15 -16 17 18 -19 -20 0
uf20-0245 413 1 -2 -3 -4 -5 -6 7 -8 -9 -10 11 12 -13 14 -15 -16 -17 -18 19 -20 0
uf20-0246 2706 1 2 -3 -4 -5 6 -7 8 9 10 -11 12 13 -14 -15 16 17 18 -19 20 0
uf20-0247 13 1 -2 3 -4 5 -6 7 -8 -9 10 -11 12 13 14 15 16 17 18 -19 20 0
uf20-0248 13 1 -2 3 -4 -5 6 7 8 9 10 11 -12 13 -14 15 -16 17 -18 19 20 0
uf20-0249 1803 -1 2 -3 -4 5 6 -7 8 -9 10 11 12 13 14 15 16 -17 18 19 20 0
uf20-024 2862 -1 -2 3 -4 -5 6 -7 8 9 10 11 -12 13 -14 15 16 17 18 19 20 0
uf20-0250 2723 -1 -2 3 -4 -5 6 7 8 9 10 -11 12 13 -14 15 16 17 18 19 20 0
uf20-0251 556 1 -2 -3 4 5 6 7 8 -9 10 11 12 13 -14 -15 16 17 18 19 -20 0
uf20-0252 2225 1 2 3 -4 5 6 7 8 9 10 11 -12 13 -14 -15 -16 -17 18 -19 20 0
uf20-0253 555 1 2 -3 4 5 6 -7 8 -9 -10 -11 12 -13 14 15 -16 17 18 19 20 0
uf20-0254 2751 1 -2 3 4 5 -6 7 8 9 -10 11 12 -13 14 15 16 -17 18 19 -20 0
uf20-0255 1129 1 -2 -3 4 5 6 -7 -8 -9 -10 -11 12 13 14 15 -16 17 18 19 -20 0
uf20-0256 3419 -1 -2 3 -4 5 6 -7 8 -9 10 11 -12 13 -14 15 16 17 -18 -19 -20 0
uf20-0257 1230 1 -2 -3 -4 5 -6 7 -8 -9 10 11 12 -13 -14 -15 -16 17 18 19 -20 0
uf20-0258 2745 -1 2 -3 4 -5 -6 7 8 9 -10 -11 -12 13 -14 -15 16 -17 18 19 20 0
uf20-0259 1581 1 2 -3 -4 5 6 7 8 9 10 11 12 13 14 15 -16 -17 18 -19 -20 0
uf20-025 16 1 2 3 4 5 -6 7 -8 9 10 11 -12 -13 14 15 16 17 18 19 20 0
uf20-0260 6 1 -2 3 -4 -5 -6 7 -8 9 -10 -11 12 -13 -14 15 -16 -17 -18 -19 -20 0
uf20-0261 824 -1 -2 -3 4 5 -6 7 -8 9 10 -11 -12 13 -14 15 16 -17 18 19 20 0
uf20-0262 416 1 -2 -3 4 -5 -6 -7 -8 9 -10 -11 12 -13 -14 15 16 17 18 -19 20 0
uf20-0263 2718 1 -2 -3 4 -5 6 -7 -8 9 -10 -11 12 13 -14 -15 16 -17 18 -19 -20 0
uf20-0264 555 1 2 -3 4 -5 6 7 8 9 10 -11 -12 13 14 15 -16 -17 18 -19 20 0
uf20-0265 3042 1 2 3 4 5 6 7 -8 9 -10 11 12 13 14 15 -16 17 18 19 20 0
uf20-0266 1367 1 2 3 4 -5 -6 -7 8 9 10 11 -12 13 -14 -15 16 17 -18 19 -20 0
uf20-0267 1637 1 2 -3 -4 -5 -6 7 -8 9 -10 11 12 13 14 -15 16 17 18 19 20 0
uf20-0268 2127 1 2 3 -4 5 6 7 8 -9 -10 11 12 13 14 15 16 17 -18 -19 -20 0
uf20-0269 3956 1 -2 3 4 5 -6 -7 8 9 10 -11 12 13 -14 -15 16 17 18 19 20 0
uf20-026 418 1 2 3 4 5 6 -7 -8 9 10 -11 -12 -13 14 -15 16 -17 -18 19 -20 0
uf20-0270 14 1 -2 3 4 5 6 7 -8 9 -10 11 12 -13 -14 15 16 -17 18 19 20 0
uf20-0271 3415 1 -2 3 4 -5 -6 7 8 9 10 -11 12 -13 14 15 -16 17 18 -19 -20 0
uf20-0272 3137 1 -2 -3 4 -5 -6 7 -8 -9 10 11 12 13 14 -15 -16 17 18 19 20 0
uf20-0273 3915 -1 2 3 -4 -5 6 7 8 9 -10 -11 12 -13 -14 15 16 17 18 19 -20 0
uf20-0274 824 -1 2 3 4 -5 6 7 8 -9 -10 11 -12 13 -14 15 16 -17 -18 19 20 0
uf20-0275 4630 1 -2 3 -4 5 6 7 8 -9 -10 11 12 13 14 15 16 -17 18 -19 -20 0
uf20-0276 2512 -1 -2 -3 4 -5 6 7 -8 9 10 11 12 13 14 15 -16 17 -18 19 -20 0
uf20-0277 1637 1 2 3 -4 -5 6 7 8 -9 10 -11 -12 -13 -14 -15 -16 17 18 19 20 0
uf20-0278 411 -1 -2 -3 -4 -5 -6 -7 -8 -9 -10 -11 12 -13 14 15 16 -17 -18 -19 -20 0
uf20-0279 1370 1 2 3 4 -5 6 7 8 9 -10 11 -12 13 14 15 -16 17 18 19 -20 0
uf20-027 2362 -1 2 3 -4 5 6 7 -8 9 -10 11 12 -13 14 15 16 -17 18 -19 20 0
uf20-0280 3536 -1 2 3 -4 -5 -6 7 8 -9 10 11 12 -13 14 15 -16 17 18 19 20 0
uf20-0281 3990 1 2 3 4 -5 -6 7 8 9 10 11 -12 13 -14 -15 -16 17 18 -19 -20 0
uf20-0282 1231 -1 2 3 4 5 -6 7 8 9 -10 -11 -12 -13 -14 15 -16 17 18 19 -20 0
uf20-0283 4081 1 2 3 -4 -5 -6 7 -8 9 10 11 12 13 14 15 16 17 18 -19 20 0
uf20-0284 3399 1 2 3 -4 -5 6 -7 -8 9 10 -11 -12 13 -14 15 16 -17 18 19 -20 0
uf20-0285 1907 1 -2 3 -4 5 -6 -7 -8 9 10 -11 12 -13 14 15 16 -17 -18 19 -20 0
uf20-0286 419 1 2 -3 -4 5 6 7 -8 -9 -10 11 12 13 14 -15 16 17 -18 -19 20 0
uf20-0287 418 1 2 3 -4 5 -6 7 8 -9 10 -11 -12 13 14 -15 -16 -17 18 -19 20 0
uf20-0288 959 -1 -2 -3 -4 -5 6 7 8 9 -10 11 -12 -13 14 15 16 17 18 -19 -20 0
uf20-0289 825 1 2 3 -4 5 6 -7 -8 9 10 11 -12 13 -14 -15 16 17 18 -19 -20 0
uf20-028 959 1 -2 -3 4 5 -6 7 8 9 10 -11 -12 13 -14 -15 -16 17 -18 -19 20 0
uf20-0290 9 -1 2 -3 -4 -5 6 -7 -8 -9 10 11 12 13 -14 15 -16 -17 18 19 -20 0
uf20-0291 1718 1 2 3 -4 -5 6 7 -8 9 10 11 12 -13 14 15 16 17 18 19 20 0
uf20-0292 4486 -1 2 3 4 -5 -6 -7 8 9 -10 11 12 13 -14 15 16 17 18 19 -20 0
uf20-0293 2257 -1 2 -3 4 -5 6 -7 8 -9 10 11 12 -13 14 15 16 17 18 19 20 0
uf20-0294 825 1 -2 3 4 -5 -6 -7 8 9 10 -11 12 -13 -14 15 16 17 -18 -19 20 0
uf20-0295 418 1 2 3 -4 5 -6 7 -8 -9 10 11 -12 13 14 -15 -16 -17 -18 19 20 0
uf20-0296 3317 -1 -2 -3 4 -5 -6 7 -8 -9 10 -11 12 13 -14 15 -16 17 18 19 -20 0
uf20-0297 1473 1 2 -3 4 5 -6 7 8 -9 -10 11 12 -13 -14 -15 -16 -17 -18 19 -20 0
uf20-0298 2858 1 -2 -3 4 5 -6 7 8 9 -10 11 -12 13 -14 15 -16 17 18 19 20 0
uf20-0299 1471 -1 -2 -3 4 -5 6 -7 -8 -9 -10 -11 12 13 14 15 16 -17 -18 -19 20 0
uf20-029 3 -1 -2 -3 -4 -5 -6 -7 -8 -9 -10 -11 -12 -13 -14 15 -16 -17 -18 19 20 0
uf20-02 2786 -1 -2 3 -4 5 6 7 8 9 -10 -11 12 -13 14 15 16 -17 -18 19 -20 0
uf20-0300 2045 -1 2 3 4 5 -6 7 8 9 -10 -11 12 13 14 -15 -16 -17 -18 19 -20 0
uf20-0301 8 -1 2 -3 -4 -5 -6 7 -8 9 10 11 -12 -13 14 -15 -16 -17 18 -19 20 0
uf20-0302 2147 -1 2 -3 4 5 -6 7 -8 9 10 11 12 -13 14 -15 -16 17 18 -19 20 0
uf20-0303 824 1 -2 -3 4 -5 -6 -7 -8 9 10 11 12 13 14 -15 -16 17 -18 19 20 0
uf20-0304 2724 1 -2 -3 4 -5 6 7 -8 9 10 -11 12 13 14 15 16 17 18 -19 -20 0
uf20-0305 1637 1 2 3 -4 -5 -6 7 8 -9 10 11 -12 13 -14 15 16 -17 -18 19 20 0
uf20-0306 1921 1 2 -3 -4 -5 -6 -7 -8 9 -10 -11 -12 -13 -14 15 16 17 -18 -19 -20 0
uf20-0307 3520 1 2 3 -4 -5 -6 7 -8 9 -10 11 -12 13 -14 15 16 -17 18 19 20 0
uf20-0308 1030 1 -2 3 -4 5 6 7 8 9 10 -11 -12 13 -14 15 16 17 -18 -19 20 0
uf20-0309 4814 1 2 -3 -4 5 -6 7 8 9 10 11 -12 13 -14 -15 -16 17 -18 19 -20 0
uf20-030 2534 1 2 -3 4 -5 6 7 8 9 10 -11 -12 13 -14 15 16 17 -18 19 20 0
uf20-0310 553 1 2 3 4 5 -6 7 -8 -9 10 11 -12 13 14 -15 16 -17 -18 -19 -20 0
uf20-0311 2775 1 2 3 4 -5 -6 7 -8 9 10 11 12 13 14 -15 16 17 18 -19 20 0
uf20-0312 7 -1 -2 -3 -4 5 -6 -7 -8 9 10 11 -12 -13 14 -15 16 17 -18 -19 -20 0
uf20-0313 1366 -1 2 3 -4 -5 6 7 -8 -9 -10 11 -12 13 -14 15 16 17 -18 19 20 0
uf20-0314 4022 1 2 3 -4 5 -6 7 8 9 10 11 -12 13 -14 15 -16 -17 18 -19 20 0
uf20-0315 1637 1 -2 3 4 -5 -6 -7 8 -9 10 11 12 -13 14 -15 16 -17 18 -19 20 0
uf20-0316 822 1 2 3 -4 -5 -6 -7 8 -9 10 -11 -12 -13 14 -15 16 -17 18 19 -20 0
uf20-0317 3667 -1 -2 3 4 5 -6 -7 -8 9 -10 11 12 -13 -14 -15 -16 -17 -18 19 20 0
uf20-0318 2319 1 2 -3 4 -5 6 -7 -8 9 10 11 12 13 14 -15 16 17 -18 19 20 0
uf20-0319 3915 -1 2 -3 4 5 6 7 8 9 10 -11 12 -13 14 15 -16 17 18 -19 20 0
uf20-031 10 1 2 3 -4 -5 6 -7 8 9 10 11 -12 -13 -14 -15 16 17 -18 -19 -20 0
uf20-0320 1722 1 -2 -3 4 5 6 7 -8 9 10 11 -12 -13 -14 15 16 17 18 19 20 0
uf20-0321 823 -1 -2 -3 4 5 6 -7 -8 9 10 -11 12 13 -14 15 16 17 -18 -19 -20 0
uf20-0322 11 -1 2 3 -4 5 6 -7 8 9 10 11 -12 -13 14 -15 16 -17 18 -19 -20 0
uf20-0323 3133 -1 2 3 -4 5 -6 7 8 9 10 -11 -12 13 14 15 16 17 -18 19 20 0
uf20-0324 553 1 2 3 -4 5 -6 7 -8 -9 10 11 -12 13 -14 15 -16 -17 18 19 -20 0
uf20-0325 339 -1 2 3 -4 5 6 7 8 9 10 -11 12 13 -14 15 16 -17 18 19 20 0
uf20-0326 203 -1 2 3 -4 5 6 -7 8 9 -10 11 -12 -13 14 -15 -16 -17 -18 -19 20 0
uf20-0327 526 1 -2 3 4 5 6 7 8 9 10 11 -12 -13 -14 -15 16 -17 18 -19 -20 0
uf20-0328 6 -1 2 -3 -4 5 -6 -7 -8 -9 -10 11 -12 -13 -14 15 16 17 -18 -19 -20 0
uf20-0329 139 -1 -2 3 -4 -5 6 7 -8 9 -10 11 -12 -13 14 15 -16 -17 -18 19 20 0
uf20-032 9 1 2 -3 4 5 -6 -7 8 -9 -10 -11 -12 13 14 -15 -16 17 -18 -19 20 0
uf20-0330 103 -1 -2 -3 -4 -5 6 7 -8 -9 -10 11 -12 -13 14 -15 16 -17 -18 -19 20 0
uf20-0331 336 1 2 -3 4 5 -6 7 -8 9 10 11 -12 13 -14 15 -16 -17 -18 19 -20 0
uf20-0332 201 1 -2 -3 -4 5 6 -7 -8 -9 -10 -11 12 -13 14 15 -16 -17 18 -19 -20 0
uf20-0333 11 1 -2 3 4 5 6 -7 8 9 -10 11 -12 -13 -14 15 16 -17 -18 -19 20 0
uf20-0334 450 -1 2 -3 4 -5 6 -7 -8 9 -10 11 12 13 14 -15 -16 -17 -18 -19 20 0
uf20-0335 983 -1 2 3 4 -5 -6 7 8 -9 -10 11 12 -13 14 -15 -16 17 18 19 20 0
uf20-0336 7 1 -2 -3 -4 -5 -6 -7 -8 -9 10 11 -12 13 -14 15 -16 -17 -18 19 20 0
uf20-0337 305 1 2 3 -4 -5 6 7 -8 9 -10 -11 -12 13 14 15 16 17 -18 19 20 0
uf20-0338 1118 1 -2 -3 4 5 -6 7 -8 9 -10 11 12 13 14 15 16 -17 18 -19 20 0
uf20-0339 692 -1 2 -3 4 5 6 7 -8 9 -10 11 12 13 14 -15 16 -17 18 -19 20 0
uf20-033 361 -1 -2 -3 4 -5 -6 7 -8 -9 10 11 -12 13 14 15 16 -17 -18 -19 -20 0
uf20-0340 720 -1 -2 3 4 -5 -6 -7 -8 9 10 -11 -12 -13 -14 15 16 17 -18 -19 20 0
uf20-0341 850 1 2 3 4 5 6 7 8 9 10 11 12 13 14 -15 16 -17 18 19 20 0
uf20-0342 202 -1 2 -3 -4 -5 -6 -7 8 -9 10 11 12 -13 -14 -15 16 -17 18 19 -20 0
uf20-0343 108 -1 -2 -3 -4 5 -6 7 8 -9 10 -11 12 13 -14 15 -16 17 18 19 20 0
uf20-0344 143 1 2 3 4 5 -6 -7 -8 9 10 11 12 13 -14 -15 -16 17 18 -19 20 0
uf20-0345 398 -1 -2 3 4 -5 6 7 -8 9 10 -11 -12 13 -14 -15 16 17 -18 19 -20 0
uf20-0346 463 1 2 -3 -4 5 6 -7 -8 9 -10 -11 -12 -13 -14 -15 16 17 18 -19 20 0
uf20-0347 383 1 2 3 -4 -5 6 7 8 9 -10 11 -12 -13 14 15 16 -17 -18 19 20 0
uf20-0348 112 -1 2 3 4 5 -6 -7 8 9 10 -11 12 13 -14 15 16 17 18 19 20 0
uf20-0349 715 1 -2 -3 -4 5 6 -7 8 9 10 11 12 -13 -14 15 -16 17 -18 19 20 0
uf20-034 960 1 -2 -3 4 5 -6 7 -8 9 10 -11 12 13 -14 15 16 17 -18 19 -20 0
uf20-0350 241 1 2 -3 4 -5 -6 -7 -8 -9 -10 -11 12 13 14 -15 -16 -17 18 -19 -20 0
uf20-0351 306 1 2 3 4 5 -6 7 8 9 -10 -11 12 13 -14 15 16 -17 18 19 -20 0
uf20-0352 239 -1 2 -3 4 5 6 -7 8 -9 -10 -11 12 13 14 15 16 17 -18 -19 20 0
uf20-0353 720 1 2 3 -4 5 -6 -7 8 9 10 11 -12 13 14 15 16 -17 -18 19 20 0
uf20-0354 204 1 2 -3 -4 -5 6 7 8 -9 -10 11 12 -13 14 -15 16 -17 -18 -19 -20 0
uf20-0355 305 1 -2 3 4 5 6 7 8 -9 -10 11 12 13 -14 15 16 -17 18 -19 20 0
uf20-0356 204 1 2 -3 -4 5 6 7 8 -9 -10 -11 -12 -13 -14 15 16 -17 18 -19 -20 0
uf20-0357 107 -1 -2 3 -4 -5 6 -7 -8 -9 10 11 12 13 -14 -15 -16 17 18 19 20 0
uf20-0358 749 1 2 3 4 5 6 -7 -8 9 -10 11 12 -13 14 -15 16 -17 18 19 20 0
uf20-0359 828 -1 2 -3 -4 -5 -6 -7 8 9 -10 -11 -12 13 14 -15 16 -17 18 -19 20 0
uf20-035 441 1 2 3 -4 5 6 -7 -8 9 10 11 -12 -13 -14 -15 16 17 18 19 -20 0
uf20-0360 847 1 2 3 4 -5 6 -7 -8 9 10 11 -12 -13 14 -15 16 17 18 19 20 0
uf20-0361 334 -1 -2 3 4 5 -6 -7 8 -9 -10 -11 -12 13 14 15 -16 17 -18 19 20 0
uf20-0362 426 1 2 3 -4 5 6 7 -8 9 -10 -11 12 13 -14 -15 -16 -17 -18 19 20 0
uf20-0363 1314 1 2 -3 4 5 -6 7 8 9 10 11 12 13 14 15 16 -17 -18 19 20 0
uf20-0364 205 1 2 3 -4 5 6 -7 8 -9 10 -11 -12 13 -14 15 -16 17 -18 19 -20 0
uf20-0365 527 1 -2 -3 -4 5 6 7 8 -9 10 11 12 -13 14 15 -16 -17 18 19 20 0
uf20-0366 302 1 2 -3 -4 -5 -6 7 8 9 -10 -11 -12 -13 14 -15 16 17 18 19 -20 0
uf20-0367 201 1 2 -3 -4 -5 -6 -7 8 -9 -10 11 12 -13 14 -15 -16 -17 18 -19 -20 0
uf20-0368 466 -1 -2 3 -4 5 -6 7 -8 9 10 11 12 -13 14 -15 16 17 -18 19 -20 0
uf20-0369 139 -1 2 3 -4 -5 -6 7 8 -9 10 -11 -12 -13 -14 -15 -16 17 18 19 20 0
uf20-036 643 -1 -2 3 -4 5 6 -7 8 9 10 -11 -12 13 14 15 16 17 18 -19 20 0
uf20-0370 334 1 2 3 4 -5 -6 -7 -8 9 10 -11 -12 -13 14 -15 16 17 18 -19 -20 0
uf20-0371 889 1 2 -3 -4 5 6 7 -8 9 10 -11 12 -13 14 15 16 -17 -18 -19 20 0
uf20-0372 750 -1 -2 3 4 5 6 -7 8 -9 10 -11 12 -13 -14 15 -16 -17 -18 19 -20 0
uf20-0373 523 1 -2 3 4 -5 -6 -7 8 9 10 11 12 13 -14 -15 -16 -17 -18 -19 20 0
uf20-0374 107 1 -2 -3 -4 5 6 7 8 -9 10 11 -12 -13 -14 -15 16 -17 18 -19 20 0
uf20-0375 1048 1 -2 -3 4 -5 6 7 -8 9 10 11 -12 13 -14 15 16 17 -18 -19 20 0
uf20-0376 142 -1 -2 -3 4 5 6 7 8 9 10 11 12 13 -14 -15 -16 17 -18 19 -20 0
uf20-0377 574 1 -2 -3 -4 5 -6 7 -8 9 -10 11 12 13 14 15 16 -17 18 19 20 0
uf20-0378 302 -1 2 3 -4 -5 6 7 8 9 -10 -11 12 -13 14 -15 16 17 -18 19 -20 0
uf20-0379 108 -1 2 -3 4 -5 6 7 -8 9 -10 11 -12 13 -14 -15 16 17 -18 19 20 0
uf20-037 10 -1 2 -3 -4 -5 6 7 8 9 10 -11 -12 -13 14 -15 16 -17 18 -19 20 0
uf20-0380 673 -1 2 3 4 -5 -6 -7 8 -9 -10 -11 12 -13 -14 -15 16 -17 -18 -19 -20 0
uf20-0381 693 1 2 -3 4 -5 -6 7 8 -9 10 11 -12 13 14 15 16 -17 -18 19 20 0
uf20-0382 551 -1 -2 3 4 5 -6 -7 8 9 -10 11 -12 -13 -14 -15 16 17 -18 19 20 0
uf20-0383 204 -1 -2 3 -4 -5 6 -7 -8 9 10 -11 -12 13 14 -15 16 17 -18 -19 20 0
uf20-0384 287 1 2 -3 4 5 -6 -7 8 -9 -10 11 -12 13 -14 15 16 17 -18 19 -20 0
uf20-0385 205 1 -2 3 4 5 6 7 -8 9 -10 -11 -12 13 -14 -15 16 -17 18 -19 20 0
uf20-0386 111 1 2 -3 4 5 6 7 8 -9 10 11 12 13 -14 -15 -16 17 -18 19 20 0
uf20-0387 1694 1 -2 3 4 -5 6 7 -8 9 10 -11 12 -13 14 15 -16 17 18 19 20 0
uf20-0388 244 1 2 3 4 -5 -6 -7 -8 9 10 -11 12 -13 14 15 -16 -17 -18 19 -20 0
uf20-0389 301 1 2 -3 -4 -5 6 7 -8 -9 -10 -11 12 -13 -14 15 16 17 18 -19 -20 0
uf20-038 905 1 -2 3 4 -5 6 7 -8 -9 10 -11 12 -13 14 15 -16 17 18 19 -20 0
uf20-0390 1299 1 2 3 -4 5 6 7 8 9 -10 -11 12 -13 14 -15 -16 -17 18 19 -20 0
uf20-0391 521 1 2 -3 -4 5 -6 -7 -8 9 10 11 12 -13 -14 15 -16 17 18 19 20 0
uf20-0392 519 -1 -2 -3 4 5 -6 7 8 -9 10 11 12 13 -14 15 -16 17 -18 19 20 0
uf20-0393 472 1 2 3 4 -5 6 -7 8 9 10 11 12 13 14 -15 16 -17 -18 -19 -20 0
uf20-0394 557 1 2 -3 4 -5 -6 7 8 9 -10 11 12 13 -14 -15 -16 -17 18 -19 20 0
uf20-0395 822 -1 2 3 4 5 -6 7 8 9 -10 11 12 13 14 15 16 17 18 19 20 0
uf20-0396 266 -1 2 -3 -4 5 -6 -7 8 -9 -10 11 -12 -13 -14 15 -16 -17 18 -19 -20 0
uf20-0397 243 1 -2 -3 -4 5 -6 -7 8 9 -10 11 12 -13 -14 -15 -16 17 18 -19 20 0
uf20-0398 207 -1 2 3 -4 -5 6 7 8 -9 10 11 -12 13 -14 15 -16 17 -18 19 20 0
uf20-0399 325 1 2 -3 4 5 6 7 -8 9 10 -11 12 -13 -14 15 16 -17 18 -19 20 0
uf20-039 141 -1 2 -3 -4 5 6 -7 -8 9 -10 11 12 13 14 -15 -16 17 18 -19 20 0
uf20-03 15 1 2 3 4 -5 6 7 8 9 10 11 -12 13 -14 -15 16 17 18 -19 20 0
uf20-0400 142 -1 2 3 -4 5 6 7 -8 -9 -10 -11 12 13 -14 15 16 17 18 19 -20 0
uf20-0401 863 1 2 3 4 -5 6 -7 8 9 10 11 12 -13 14 15 16 17 -18 19 20 0
uf20-0402 4 -1 -2 -3 -4 -5 -6 7 -8 -9 -10 -11 -12 13 14 -15 -16 -17 -18 -19 20 0
uf20-0403 687 1 -2 3 4 5 -6 7 -8 9 10 -11 -12 13 14 15 -16 -17 18 19 -20 0
uf20-0404 555 1 -2 -3 -4 5 -6 7 -8 9 10 -11 -12 13 14 -15 -16 17 18 19 20 0
uf20-0405 977 -1 -2 3 -4 5 6 7 -8 9 10 -11 -12 -13 14 15 16 17 18 19 -20 0
uf20-0406 202 1 2 -3 4 -5 -6 7 -8 -9 10 -11 -12 -13 -14 -15 16 -17 18 -19 20 0
uf20-0407 204 1 -2 -3 4 -5 -6 7 8 -9 10 11 -12 -13 -14 15 -16 17 18 -19 20 0
uf20-0408 237 -1 -2 -3 4 5 -6 7 8 9 -10 11 -12 13 -14 -15 16 -17 18 -19 20 0
uf20-0409 364 1 2 3 -4 5 -6 7 8 -9 -10 11 -12 13 14 -15 -16 17 18 19 20 0
uf20-040 204 -1 2 -3 4 5 6 -7 8 -9 10 11 12 -13 -14 -15 -16 17 -18 -19 -20 0
uf20-0410 207 1 2 -3 4 5 6 -7 8 -9 -10 11 12 13 -14 15 -16 17 -18 19 -20 0
uf20-0411 108 1 2 3 -4 5 6 -7 8 -9 10 11 12 -13 -14 -15 -16 17 18 -19 -20 0
uf20-0412 665 1 2 -3 4 5 6 -7 -8 9 -10 -11 12 13 14 15 -16 17 18 19 20 0
uf20-0413 457 -1 2 3 -4 5 6 7 8 9 -10 11 -12 -13 -14 15 -16 17 18 19 20 0
uf20-0414 107 1 -2 -3 -4 5 6 7 -8 -9 10 -11 12 13 -14 -15 16 -17 18 19 -20 0
uf20-0415 634 -1 -2 3 4 5 -6 7 -8 -9 10 11 12 -13 -14 15 16 -17 -18 19 -20 0
uf20-0416 559 1 2 3 4 -5 6 7 -8 9 10 -11 -12 -13 14 -15 16 -17 18 19 20 0
uf20-0417 726 1 -2 3 4 5 6 7 8 9 -10 -11 -12 13 14 15 16 17 18 19 -20 0
uf20-0418 715 1 -2 -3 -4 5 6 7 8 9 10 -11 12 13 -14 15 16 17 18 -19 -20 0
uf20-0419 10 1 2 -3 4 -5 6 -7 8 9 -10 11 -12 -13 -14 -15 16 -17 18 19 -20 0
uf20-041 12 -1 -2 -3 4 5 -6 -7 8 9 10 11 12 13 -14 15 16 17 -18 -19 20 0
uf20-0420 106 1 2 -3 -4 5 -6 7 8 -9 -10 11 -12 -13 14 15 16 -17 -18 -19 -20 0
uf20-0421 1105 -1 2 3 4 5 6 -7 -8 -9 -10 -11 12 13 14 -15 16 -17 18 -19 20 0
uf20-0422 289 1 2 3 4 -5 6 7 8 9 10 -11 12 13 -14 15 16 17 18 -19 20 0
uf20-0423 206 -1 2 -3 -4 5 6 7 8 -9 10 11 12 13 14 15 16 -17 -18 -19 -20 0
uf20-0424 202 1 -2 3 4 -5 6 7 -8 -9 -10 -11 -12 13 -14 -15 16 -17 -18 -19 -20 0
uf20-0425 107 1 -2 3 -4 -5 6 -7 8 -9 -10 11 -12 13 14 15 -16 -17 18 19 -20 0
uf20-0426 552 1 -2 3 -4 -5 6 7 8 9 -10 11 12 -13 -14 15 16 17 18 19 20 0
uf20-0427 905 -1 2 3 4 -5 6 -7 8 9 10 11 12 -13 14 -15 16 -17 -18 19 -20 0
uf20-0428 303 1 2 3 -4 -5 -6 7 8 9 -10 11 -12 13 -14 15 16 17 18 -19 20 0
uf20-0429 555 1 2 3 -4 5 6 7 8 9 10 11 -12 13 14 15 -16 -17 18 19 20 0
uf20-042 205 -1 -2 -3 4 5 6 7 8 -9 10 11 12 -13 -14 15 -16 17 -18 19 -20 0
uf20-0430 576 -1 -2 -3 4 -5 -6 7 8 9 -10 -11 -12 13 -14 15 16 -17 18 -19 20 0
uf20-0431 642 1 -2 3 4 5 -6 7 8 -9 -10 -11 -12 13 -14 15 16 17 -18 19 20 0
uf20-0432 141 1 2 3 4 5 6 7 8 -9 -10 -11 12 -13 -14 15 -16 -17 18 -19 -20 0
uf20-0433 545 1 2 3 4 5 -6 -7 -8 9 10 11 -12 13 -14 -15 -16 17 -18 -19 -20 0
uf20-0434 1134 -1 -2 -3 4 -5 6 7 8 -9 10 -11 12 -13 -14 15 -16 -17 18 19 20 0
uf20-0435 104 1 -2 -3 4 -5 -6 -7 -8 -9 -10 11 12 -13 -14 15 16 -17 -18 19 -20 0
uf20-0436 692 -1 2 3 4 -5 6 -7 8 9 -10 11 12 13 -14 15 -16 17 18 -19 20 0
uf20-0437 111 1 -2 3 4 5 6 7 8 9 10 11 12 -13 -14 -15 16 -17 18 -19 20 0
uf20-0438 138 -1 -2 3 -4 -5 -6 7 -8 9 10 -11 -12 13 14 -15 16 -17 18 -19 -20 0
uf20-0439 629 -1 2 3 -4 -5 6 -7 8 9 10 -11 12 13 14 -15 16 17 -18 19 20 0
uf20-043 109 -1 2 3 4 -5 6 -7 8 -9 10 -11 12 -13 14 -15 16 -17 18 19 20 0
uf20-0440 359 1 2 -3 -4 5 -6 7 -8 -9 10 -11 -12 13 -14 15 -16 -17 -18 -19 20 0
uf20-0441 1087 1 2 3 -4 5 6 7 -8 9 10 11 -12 -13 14 15 16 17 -18 -19 -20 0
uf20-0442 202 -1 -2 3 -4 -5 6 -7 8 -9 -10 -11 -12 -13 -14 15 -16 17 18 19 -20 0
uf20-0443 678 1 2 -3 -4 -5 -6 7 -8 -9 10 -11 12 -13 -14 15 -16 17 18 -19 20 0
uf20-0444 203 -1 -2 -3 4 -5 6 -7 8 9 -10 -11 12 -13 -14 -15 -16 17 18 19 -20 0
uf20-0445 925 1 2 -3 -4 -5 -6 -7 -8 9 10 11 -12 13 -14 15 -16 17 -18 19 20 0
uf20-0446 789 1 -2 3 4 -5 6 -7 8 -9 10 -11 -12 13 14 -15 16 -17 -18 -19 -20 0
uf20-0447 885 -1 -2 3 4 -5 6 -7 8 9 -10 -11 12 13 14 15 -16 17 18 -19 20 0
uf20-0448 352 1 -2 -3 4 5 -6 7 -8 -9 10 -11 12 13 14 15 16 -17 18 19 -20 0
uf20-0449 8 -1 -2 3 4 -5 -6 -7 8 -9 -10 -11 12 13 14 15 -16 17 -18 -19 -20 0
uf20-044 398 -1 2 3 -4 5 6 -7 -8 9 -10 11 -12 13 -14 15 -16 -17 -18 19 20 0
uf20-0450 959 -1 2 3 -4 -5 6 -7 -8 -9 10 -11 12 13 -14 15 16 17 18 19 20 0
uf20-0451 797 1 -2 -3 4 5 -6 7 8 9 10 -11 -12 13 14 15 16 -17 18 19 -20 0
uf20-0452 250 -1 2 -3 -4 5 6 7 8 9 -10 -11 -12 13 14 -15 -16 -17 -18 -19 -20 0
uf20-0453 323 1 2 3 -4 5 6 -7 8 -9 10 -11 12 -13 -14 15 -16 17 -18 19 -20 0
uf20-0454 336 1 -2 -3 -4 5 6 -7 8 -9 -10 11 12 13 14 15 16 -17 18 -19 20 0
uf20-0455 142 1 2 3 -4 5 6 7 -8 9 10 11 -12 -13 -14 15 16 -17 -18 19 -20 0
uf20-0456 871 1 2 -3 4 5 6 7 8 -9 -10 11 12 13 14 15 -16 -17 -18 19 -20 0
uf20-0457 478 -1 -2 -3 4 -5 6 -7 8 -9 10 11 12 13 14 -15 16 17 -18 -19 -20 0
uf20-0458 12 1 -2 -3 4 -5 -6 -7 8 -9 10 11 -12 -13 14 15 16 17 18 19 20 0
uf20-0459 469 -1 2 3 4 -5 -6 7 8 -9 -10 11 12 13 14 -15 -16 17 -18 -19 20 0
uf20-045 860 -1 2 3 4 -5 -6 -7 -8 -9 -10 11 12 -13 -14 15 -16 17 18 19 20 0
uf20-0460 856 1 2 3 4 5 6 7 8 -9 -10 11 12 13 -14 15 -16 17 18 -19 20 0
uf20-0461 13 1 2 -3 4 5 6 7 8 -9 -10 -11 -12 -13 14 15 -16 17 18 19 20 0
uf20-0462 115 1 -2 3 4 -5 6 -7 -8 -9 10 11 -12 13 14 15 -16 17 18 19 20 0
uf20-0463 219 1 2 -3 -4 5 6 7 -8 9 10 11 12 13 14 15 16 17 -18 -19 20 0
uf20-0464 5 1 2 -3 -4 -5 -6 -7 -8 -9 -10 -11 -12 -13 14 -15 -16 -17 -18 19 20 0
uf20-0465 8 1 2 -3 -4 -5 6 7 -8 9 -10 -11 -12 13 -14 -15 -16 -17 18 19 -20 0
uf20-0466 111 -1 2 -3 -4 5 -6 7 -8 -9 10 11 12 -13 14 -15 -16 17 18 -19 -20 0
uf20-0467 601 1 2 3 4 5 -6 7 8 -9 10 11 -12 13 14 -15 16 -17 -18 19 20 0
uf20-0468 214 -1 2 3 4 -5 -6 -7 -8 9 10 11 12 -13 -14 15 16 -17 -18 -19 20 0
uf20-0469 211 -1 -2 -3 -4 5 6 7 -8 -9 10 -11 12 13 -14 15 -16 17 -18 -19 20 0
uf20-046 1067 1 -2 -3 -4 5 -6 -7 -8 -9 10 -11 12 13 -14 15 16 17 18 19 20 0
uf20-0470 1333 -1 2 -3 4 5 6 7 8 9 10 11 12 13 14 -15 -16 17 -18 -19 20 0
uf20-0471 638 1 -2 3 -4 -5 6 -7 8 -9 10 -11 -12 13 14 15 -16 -17 18 19 -20 0
uf20-0472 319 -1 2 3 -4 5 6 -7 8 9 10 11 -12 13 -14 15 16 -17 18 -19 20 0
uf20-0473 581 1 2 -3 4 5 -6 -7 8 9 10 11 12 13 14 -15 -16 17 18 19 -20 0
uf20-0474 318 -1 -2 -3 4 -5 6 -7 8 9 10 -11 12 13 14 15 16 17 -18 19 -20 0
uf20-0475 111 -1 -2 3 -4 5 -6 7 8 -9 10 -11 12 -13 -14 15 -16 17 -18 -19 20 0
uf20-0476 111 -1 2 -3 4 -5 -6 -7 -8 -9 -10 -11 12 13 14 -15 -16 17 18 19 20 0
uf20-0477 12 1 -2 3 4 5 6 7 8 9 10 -11 -12 13 -14 -15 -16 17 18 -19 -20 0
uf20-0478 316 -1 2 -3 -4 -5 6 -7 8 9 10 11 12 13 -14 15 -16 -17 18 -19 20 0
uf20-0479 216 -1 -2 3 -4 -5 -6 -7 8 -9 10 11 -12 13 14 15 16 17 18 19 20 0
uf20-047 318 -1 -2 3 4 -5 6 7 -8 9 10 11 12 13 -14 15 -16 17 -18 -19 20 0
uf20-0480 786 -1 -2 3 -4 5 -6 7 8 9 -10 11 12 13 -14 15 16 17 18 19 20 0
uf20-0481 143 -1 -2 -3 -4 -5 6 7 -8 -9 10 -11 12 -13 -14 -15 -16 -17 18 19 20 0
uf20-0482 468 -1 -2 -3 4 -5 6 7 8 -9 10 -11 12 -13 -14 -15 16 17 18 -19 20 0
uf20-0483 842 -1 2 3 4 5 -6 7 8 -9 -10 11 12 13 -14 15 16 17 18 19 20 0
uf20-0484 213 1 2 3 -4 -5 6 7 -8 9 -10 -11 -12 -13 14 15 -16 -17 -18 -19 20 0
uf20-0485 726 -1 2 3 -4 5 -6 -7 8 9 -10 11 12 13 14 -15 -16 -17 18 19 20 0
uf20-0486 515 -1 -2 -3 4 5 -6 7 -8 9 -10 11 -12 -13 14 15 -16 -17 -18 -19 20 0
uf20-0487 559 -1 2 3 4 5 -6 -7 8 -9 10 11 12 13 14 15 -16 17 18 -19 20 0
uf20-0488 692 1 -2 3 4 5 6 -7 -8 -9 10 -11 12 13 14 15 -16 17 -18 19 -20 0
uf20-0489 352 1 2 3 4 -5 6 -7 8 -9 10 11 12 -13 14 -15 -16 17 -18 -19 20 0
uf20-048 11 1 2 -3 -4 -5 -6 7 -8 -9 10 -11 12 13 14 15 16 -17 18 19 -20 0
uf20-0490 13 1 -2 3 4 5 -6 7 8 9 10 -11 12 13 14 -15 -16 -17 18 -19 20 0
uf20-0491 335 1 -2 -3 -4 -5 6 7 8 9 10 11 12 -13 -14 15 16 -17 18 -19 20 0
uf20-0492 848 1 2 3 4 5 6 7 8 9 -10 11 -12 -13 -14 -15 16 17 18 19 20 0
uf20-0493 12 1 -2 -3 -4 5 6 7 8 9 -10 11 -12 -13 -14 15 16 17 -18 19 20 0
uf20-0494 843 1 -2 -3 4 5 -6 7 8 9 10 -11 -12 13 14 15 -16 17 18 19 -20 0
uf20-0495 216 1 2 3 4 -5 6 7 -8 -9 10 11 12 -13 14 15 -16 17 -18 -19 -20 0
uf20-0496 689 1 2 -3 4 5 -6 -7 8 -9 -10 11 12 13 14 15 -16 -17 -18 -19 -20 0
uf20-0497 621 1 2 -3 4 -5 6 7 8 -9 -10 11 12 13 -14 15 16 17 -18 -19 -20 0
uf20-0498 419 1 2 3 -4 5 6 -7 -8 -9 -10 11 -12 13 14 15 16 17 -18 -19 -20 0
uf20-0499 680 1 -2 3 4 5 6 7 -8 -9 10 11 12 13 14 15 16 17 18 19 20 0
uf20-049 109 -1 -2 -3 4 -5 -6 7 8 -9 10 -11 -12 -13 14 15 16 -17 -18 -19 -20 0
uf20-04 213 1 -2 3 4 -5 -6 7 -8 -9 10 11 -12 13 -14 -15 16 17 -18 -19 -20 0
uf20-0500 420 1 2 3 -4 5 -6 7 8 -9 10 -11 12 13 -14 15 16 -17 18 -19 -20 0
uf20-0501 556 1 2 3 -4 -5 -6 -7 8 -9 -10 11 12 13 14 15 16 -17 18 -19 20 0
uf20-0502 703 1 -2 3 4 5 6 7 8 9 10 11 -12 13 14 15 16 17 -18 -19 20 0
uf20-0503 472 -1 2 -3 4 5 6 -7 -8 9 10 -11 -12 13 14 -15 -16 -17 18 19 -20 0
uf20-0504 11 -1 2 -3 -4 -5 6 7 8 -9 -10 11 12 13 14 15 -16 -17 18 19 -20 0
uf20-0505 283 -1 -2 3 4 -5 6 -7 -8 9 10 11 12 -13 14 15 16 -17 -18 19 -20 0
uf20-0506 355 -1 2 3 4 -5 6 -7 8 9 10 -11 12 13 14 15 16 -17 18 19 20 0
uf20-0507 755 -1 2 3 4 5 6 7 -8 -9 -10 -11 12 -13 -14 15 -16 17 18 -19 -20 0
uf20-0508 412 -1 -2 -3 -4 -5 -6 7 8 -9 -10 -11 -12 -13 14 -15 -16 -17 18 19 20 0
uf20-0509 147 1 2 3 -4 5 -6 -7 8 9 10 -11 -12 -13 14 15 16 -17 18 -19 -20 0
uf20-050 9 -1 2 3 4 -5 -6 -7 8 9 10 -11 -12 -13 -14 15 -16 17 -18 -19 20 0
uf20-0510 1382 1 2 -3 -4 -5 6 7 -8 9 -10 11 12 13 14 15 16 17 -18 -19 20 0
uf20-0511 726 -1 -2 3 -4 5 6 7 8 9 10 11 -12 -13 -14 15 -16 17 18 19 -20 0
uf20-0512 419 -1 -2 -3 4 5 -6 7 -8 9 -10 11 12 -13 14 15 16 17 18 -19 -20 0
uf20-0513 419 1 2 3 4 -5 -6 7 8 9 -10 -11 12 -13 -14 -15 -16 -17 18 19 20 0
uf20-0514 10 -1 2 3 -4 -5 6 -7 8 9 10 -11 12 -13 -14 15 -16 17 -18 -19 20 0
uf20-0515 477 -1 2 -3 -4 -5 -6 7 -8 -9 10 11 12 -13 14 -15 16 -17 18 -19 20 0
uf20-0516 908 1 2 -3 4 5 6 7 8 9 -10 11 -12 -13 14 15 16 17 18 19 20 0
uf20-0517 13 1 -2 3 4 -5 6 7 -8 9 -10 11 12 13 14 15 16 -17 -18 -19 20 0
uf20-0518 10 1 2 3 -4 -5 -6 7 -8 -9 10 11 12 -13 -14 15 16 -17 -18 -19 20 0
uf20-0519 9 -1 2 -3 4 -5 -6 7 -8 9 10 -11 -12 13 -14 15 -16 -17 18 19 -20 0
uf20-051 318 -1 -2 -3 4 5 6 7 -8 -9 10 11 12 -13 -14 15 -16 17 18 19 20 0
uf20-0520 216 1 -2 3 -4 5 6 -7 -8 -9 10 11 -12 13 -14 15 16 17 18 19 -20 0
uf20-0521 215 1 2 3 -4 -5 -6 7 8 -9 10 11 12 -13 -14 -15 -16 17 18 -19 20 0
uf20-0522 834 -1 2 3 4 -5 6 7 8 9 -10 11 12 -13 14 -15 16 -17 -18 -19 20 0
uf20-0523 148 1 2 3 -4 5 6 7 -8 -9 10 11 12 -13 14 15 -16 17 -18 -19 -20 0
uf20-0524 12 1 -2 3 -4 -5 6 -7 8 9 10 11 12 13 -14 15 -16 -17 18 -19 20 0
uf20-0525 957 1 2 3 4 5 6 7 8 -9 10 11 12 -13 14 -15 16 17 -18 -19 20 0
uf20-0526 114 -1 2 3 -4 5 6 7 8 -9 10 -11 12 -13 14 -15 16 17 18 -19 -20 0
uf20-0527 217 -1 2 3 -4 5 6 -7 8 9 -10 11 12 13 14 15 16 -17 18 19 20 0
uf20-0528 9 -1 -2 -3 4 -5 6 -7 8 -9 10 11 -12 13 -14 -15 16 17 -18 19 -20 0
uf20-0529 422 1 -2 -3 4 -5 6 7 8 9 10 11 12 -13 14 15 -16 17 -18 19 20 0
uf20-052 468 1 2 3 4 5 6 7 -8 -9 -10 -11 -12 13 -14 15 -16 17 -18 -19 20 0
uf20-0530 377 1 2 3 4 -5 6 -7 -8 9 -10 -11 -12 13 -14 -15 16 17 -18 19 20 0
uf20-0531 1003 1 2 3 4 -5 6 -7 -8 -9 10 -11 -12 -13 14 15 16 -17 18 19 20 0
uf20-0532 106 -1 -2 3 4 -5 -6 -7 -8 -9 10 -11 -12 -13 -14 -15 -16 -17 -18 -19 20 0
uf20-0533 147 -1 2 -3 4 -5 6 -7 8 -9 10 11 -12 -13 14 15 16 -17 18 19 -20 0
uf20-0534 523 1 -2 3 4 5 -6 7 -8 9 10 -11 12 -13 -14 15 16 17 -18 19 20 0
uf20-0535 736 -1 2 3 4 5 6 7 -8 -9 10 -11 12 13 -14 -15 16 -17 18 19 -20 0
uf20-0536 10 1 -2 -3 4 5 -6 7 8 9 -10 -11 12 -13 -14 15 16 -17 18 -19 -20 0
uf20-0537 417 -1 2 3 4 -5 6 -7 -8 9 -10 11 12 -13 14 -15 16 17 -18 -19 20 0
uf20-0538 315 1 2 3 4 -5 6 7 8 -9 -10 -11 12 13 -14 -15 -16 -17 18 19 -20 0
uf20-0539 962 -1 2 3 -4 5 -6 7 -8 9 10 -11 -12 -13 14 -15 -16 17 18 19 -20 0
uf20-053 111 1 2 -3 -4 -5 -6 -7 8 9 10 -11 12 13 -14 15 16 -17 -18 -19 -20 0
uf20-0540 572 -1 2 3 -4 5 -6 7 8 9 10 11 12 -13 -14 15 -16 17 18 -19 -20 0
uf20-0541 780 -1 2 3 4 -5 -6 7 -8 9 -10 -11 12 -13 -14 15 -16 -17 -18 19 20 0
uf20-0542 115 1 2 3 4 5 -6 7 8 9 -10 11 -12 -13 14 15 -16 -17 -18 19 20 0
uf20-0543 115 -1 -2 3 -4 -5 6 7 8 -9 10 11 12 13 14 15 16 17 -18 19 -20 0
uf20-0544 592 -1 -2 -3 -4 5 6 -7 8 9 10 -11 12 -13 14 -15 -16 17 18 19 20 0
uf20-0545 115 1 2 3 -4 5 -6 7 -8 9 10 11 -12 -13 14 -15 16 -17 18 19 20 0
uf20-0546 421 1 2 3 4 -5 -6 7 -8 -9 10 11 12 13 -14 15 16 -17 -18 19 20 0
uf20-0547 116 1 2 3 -4 5 -6 7 8 9 10 -11 -12 13 14 -15 16 17 18 -19 20 0
uf20-0548 556 1 -2 3 4 5 -6 7 -8 9 -10 -11 12 13 -14 15 16 17 18 -19 -20 0
uf20-0549 588 1 2 3 -4 -5 -6 7 8 9 -10 11 12 -13 -14 15 -16 17 18 -19 -20 0
uf20-054 563 -1 -2 -3 -4 5 6 -7 8 -9 10 11 12 13 -14 15 16 -17 -18 19 20 0
uf20-0550 13 1 2 -3 -4 -5 6 -7 8 -9 10 11 12 13 -14 15 16 -17 18 19 20 0
uf20-0551 214 -1 -2 -3 4 -5 -6 7 8 9 10 -11 12 13 -14 15 -16 -17 18 -19 20 0
uf20-0552 111 -1 -2 3 -4 5 -6 -7 -8 9 -10 -11 -12 13 14 15 16 -17 -18 19 20 0
uf20-0553 111 1 -2 -3 4 -5 6 7 8 9 -10 -11 -12 -13 -14 15 -16 -17 18 19 -20 0
uf20-0554 724 1 2 3 -4 5 6 -7 8 9 -10 -11 -12 13 14 15 16 17 18 19 20 0
uf20-0555 554 1 2 -3 -4 -5 6 -7 -8 9 10 11 12 -13 -14 15 16 17 18 -19 20 0
uf20-0556 148 -1 -2 3 -4 5 6 7 8 -9 -10 -11 12 13 14 -15 16 17 18 19 -20 0
uf20-0557 762 -1 2 -3 4 5 -6 -7 8 9 10 11 12 13 14 15 -16 -17 -18 -19 20 0
uf20-0558 338 -1 -2 3 -4 -5 6 7 -8 9 -10 -11 -12 13 -14 15 -16 -17 -18 19 -20 0
uf20-0559 520 -1 2 -3 -4 5 -6 7 8 9 10 11 -12 13 -14 15 -16 17 -18 19 20 0
uf20-055 624 1 -2 3 4 -5 -6 -7 8 9 10 11 -12 -13 14 15 16 -17 -18 19 20 0
uf20-0560 216 1 -2 3 4 5 -6 -7 8 9 -10 -11 -12 13 14 -15 -16 17 18 19 20 0
uf20-0561 306 -1 2 -3 -4 5 6 7 8 9 10 11 -12 13 14 15 16 17 18 19 20 0
uf20-0562 145 1 -2 -3 -4 5 -6 -7 -8 9 10 11 12 -13 14 15 -16 -17 -18 -19 20 0
uf20-0563 749 1 -2 -3 4 5 -6 7 -8 9 10 -11 12 13 14 15 16 17 -18 19 -20 0
uf20-0564 216 -1 -2 3 -4 -5 6 7 8 9 10 11 -12 -13 14 -15 16 -17 18 19 20 0
uf20-0565 356 1 -2 3 4 5 -6 -7 8 9 10 -11 12 -13 14 -15 -16 -17 18 -19 20 0
uf20-0566 1029 1 2 3 -4 5 -6 -7 -8 9 10 -11 12 13 14 -15 -16 -17 -18 19 20 0
uf20-0567 1064 1 -2 -3 4 -5 -6 7 8 -9 -10 11 12 13 14 15 16 17 -18 -19 20 0
uf20-0568 317 -1 -2 3 4 5 6 -7 -8 -9 10 11 -12 -13 14 15 16 17 -18 19 -20 0
uf20-0569 824 -1 2 3 4 -5 -6 7 -8 9 10 11 -12 13 -14 15 16 -17 -18 19 20 0
uf20-056 448 -1 -2 -3 4 5 -6 7 8 -9 10 11 -12 13 14 -15 16 17 -18 19 -20 0
uf20-0570 848 -1 2 3 4 5 -6 7 -8 9 -10 -11 -12 13 -14 15 -16 17 18 -19 20 0
uf20-0571 988 -1 -2 -3 -4 5 6 7 8 9 10 11 -12 -13 -14 -15 16 -17 18 19 20 0
uf20-0572 111 -1 2 -3 -4 -5 6 7 -8 9 10 -11 -12 13 14 -15 16 -17 -18 19 -20 0
uf20-0573 447 1 2 -3 -4 5 6 7 8 9 10 11 12 13 14 -15 -16 17 -18 19 20 0
uf20-0574 110 -1 2 3 -4 -5 -6 -7 -8 -9 10 -11 12 -13 -14 -15 16 -17 18 19 20 0
uf20-0575 367 1 -2 -3 4 -5 6 -7 8 9 10 11 -12 13 14 -15 16 17 -18 -19 20 0
uf20-0576 9 1 2 -3 4 -5 -6 -7 -8 -9 10 -11 12 13 14 -15 -16 -17 18 19 -20 0
uf20-0577 699 -1 -2 -3 -4 5 -6 7 -8 -9 -10 11 12 13 -14 -15 16 17 -18 19 -20 0
uf20-0578 351 1 2 3 4 5 6 -7 -8 9 -10 -11 12 -13 14 -15 -16 -17 -18 19 20 0
uf20-0579 219 1 2 3 4 5 -6 7 8 9 -10 11 12 -13 14 15 16 -17 -18 19 20 0
uf20-057 600 1 2 3 -4 -5 6 7 -8 9 10 11 12 -13 -14 -15 -16 -17 -18 19 20 0
uf20-0580 928 1 -2 -3 4 -5 6 7 8 9 10 11 -12 -13 14 15 16 -17 -18 -19 20 0
uf20-0581 149 -1 2 3 4 -5 6 7 8 9 -10 11 12 -13 14 15 -16 -17 -18 19 20 0
uf20-0582 10 1 -2 3 4 -5 6 -7 -8 -9 10 11 -12 -13 14 15 16 -17 -18 -19 20 0
uf20-0583 215 -1 -2 -3 -4 5 6 7 8 9 -10 11 12 13 -14 -15 -16 17 18 19 -20 0
uf20-0584 110 1 2 -3 -4 5 6 -7 8 -9 -10 -11 -12 13 -14 15 16 -17 -18 -19 -20 0
uf20-0585 745 1 2 3 4 5 6 7 8 -9 10 -11 -12 13 -14 15 16 17 18 -19 -20 0
uf20-0586 9 -1 -2 3 -4 -5 6 7 8 -9 -10 11 -12 13 -14 15 16 -17 18 -19 -20 0
uf20-0587 375 1 2 -3 -4 -5 6 -7 -8 -9 10 -11 12 13 -14 15 16 -17 -18 19 20 0
uf20-0588 1332 1 -2 3 -4 5 6 -7 8 9 10 11 -12 -13 14 15 16 17 18 -19 20 0
uf20-0589 462 1 2 3 4 5 -6 7 8 9 10 -11 -12 13 -14 15 16 17 18 19 20 0
uf20-058 594 1 2 3 -4 -5 -6 7 -8 -9 10 -11 12 13 14 -15 16 17 18 19 20 0
uf20-0590 519 -1 2 -3 -4 -5 6 -7 8 -9 -10 -11 -12 13 14 15 -16 17 -18 19 20 0
uf20-0591 112 1 -2 3 -4 5 6 -7 -8 -9 10 -11 12 -13 14 -15 16 -17 18 19 -20 0
uf20-0592 343 1 -2 3 4 5 6 -7 -8 9 -10 11 12 -13 14 -15 -16 17 -18 19 20 0
uf20-0593 1151 -1 -2 -3 4 5 6 -7 -8 -9 -10 -11 12 13 14 -15 16 17 -18 19 20 0
uf20-0594 7 1 -2 -3 -4 -5 -6 7 8 -9 -10 -11 12 -13 14 15 -16 -17 18 -19 -20 0
uf20-0595 730 -1 2 3 -4 5 6 7 8 9 -10 -11 12 13 -14 -15 16 17 -18 19 -20 0
uf20-0596 547 1 -2 3 4 -5 6 -7 8 9 -10 -11 -12 13 -14 -15 -16 -17 18 -19 20 0
uf20-0597 551 -1 -2 3 4 5 -6 7 8 9 10 -11 12 13 14 -15 -16 -17 18 19 20 0
uf20-0598 549 1 -2 -3 -4 5 6 -7 -8 -9 10 11 12 -13 14 15 16 17 -18 -19 20 0
uf20-0599 548 1 -2 -3 4 -5 -6 7 -8 9 -10 -11 12 13 14 15 -16 17 -18 19 -20 0
uf20-059 9 1 -2 -3 -4 -5 -6 7 8 -9 10 11 -12 -13 -14 -15 16 17 -18 19 20 0
uf20-05 547 -1 -2 -3 -4 5 -6 7 -8 -9 10 -11 12 13 -14 15 16 -17 18 -19 20 0
uf20-0600 8 1 -2 -3 -4 -5 6 -7 8 9 10 -11 12 -13 14 -15 -16 17 -18 -19 -20 0
uf20-0601 1087 -1 2 -3 4 -5 -6 7 8 -9 10 -11 12 -13 14 15 -16 17 -18 -19 20 0
uf20-0602 2701 -1 2 3 -4 5 -6 -7 -8 -9 10 11 12 13 14 15 16 -17 -18 19 20 0
uf20-0603 2467 -1 2 -3 -4 -5 -6 7 8 -9 10 -11 12 -13 14 -15 -16 -17 -18 -19 20 0
uf20-0604 4521 -1 2 3 4 5 6 7 8 -9 -10 11 -12 -13 -14 15 16 17 18 19 20 0
uf20-0605 4048 1 2 3 4 5 6 -7 8 9 -10 11 12 13 -14 -15 16 17 -18 19 20 0
uf20-0606 12 -1 -2 3 4 5 6 7 -8 9 -10 -11 -12 13 -14 -15 16 17 18 19 20 0
uf20-0607 11 -1 2 -3 4 5 -6 7 8 9 -10 11 12 13 -14 15 -16 -17 18 -19 -20 0
uf20-0608 2165 1 -2 3 -4 5 6 7 8 -9 10 11 12 -13 -14 15 -16 17 -18 -19 -20 0
uf20-0609 5754 1 2 -3 4 -5 6 7 8 9 -10 -11 -12 -13 14 -15 16 -17 -18 19 -20 0
uf20-060 1628 1 2 3 -4 5 6 7 8 9 -10 -11 -12 -13 14 15 -16 17 18 19 -20 0
uf20-0610 1948 1 -2 3 4 5 6 -7 8 9 -10 11 12 -13 -14 -15 -16 17 -18 19 20 0
uf20-0611 2161 -1 2 -3 4 -5 6 -7 -8 -9 10 -11 12 -13 14 15 -16 -17 -18 -19 -20 0
uf20-0612 548 -1 -2 3 4 -5 6 -7 8 9 10 -11 12 -13 14 -15 -16 17 -18 -19 20 0
uf20-0613 1806 -1 2 3 -4 5 6 7 8 9 -10 -11 -12 -13 -14 15 -16 -17 18 19 20 0
uf20-0614 12 1 2 3 -4 5 6 7 -8 9 10 -11 12 -13 -14 15 16 -17 -18 -19 20 0
uf20-0615 1625 -1 -2 3 4 -5 -6 7 -8 -9 -10 11 12 13 -14 -15 16 17 18 -19 20 0
uf20-0616 1084 -1 2 -3 4 -5 -6 7 8 -9 -10 -11 12 13 -14 -15 -16 -17 18 19 -20 0
uf20-0617 2456 1 -2 3 4 -5 6 7 8 9 10 -11 -12 13 14 15 16 17 -18 -19 -20 0
uf20-0618 547 -1 2 -3 4 -5 -6 -7 8 9 -10 11 -12 13 -14 -15 -16 17 18 19 -20 0
uf20-0619 3707 1 -2 3 4 5 6 7 8 -9 10 11 12 13 -14 15 -16 17 18 19 -20 0
uf20-061 11 1 2 3 -4 5 -6 7 8 -9 10 -11 -12 13 -14 15 -16 -17 18 -19 20 0
uf20-0620 6469 -1 2 3 4 5 -6 -7 8 9 10 11 -12 13 14 -15 16 -17 -18 -19 -20 0
uf20-0621 1730 -1 2 -3 -4 -5 -6 -7 -8 9 10 -11 -12 13 14 -15 -16 17 18 19 20 0
uf20-0622 3553 -1 -2 -3 4 5 6 -7 8 9 -10 11 12 13 14 15 -16 17 -18 -19 -20 0
uf20-0623 1085 1 -2 3 4 -5 -6 -7 8 -9 -10 -11 12 -13 -14 15 -16 17 -18 -19 20 0
uf20-0624 4100 -1 2 -3 4 -5 6 -7 8 -9 10 -11 12 -13 14 15 -16 17 18 19 -20 0
uf20-0625 11 -1 2 -3 4 -5 -6 7 8 -9 10 11 12 -13 -14 15 16 -17 18 -19 20 0
uf20-0626 2346 -1 2 3 -4 -5 -6 -7 8 9 10 11 12 13 -14 15 16 -17 18 19 20 0
uf20-0627 5610 1 -2 3 4 -5 6 7 8 -9 -10 11 12 -13 14 15 -16 17 18 19 20 0
uf20-0628 1895 -1 2 3 -4 -5 -6 -7 8 -9 10 11 12 13 14 15 16 17 18 -19 -20 0
uf20-0629 2849 1 2 3 4 5 -6 7 8 9 10 -11 12 -13 14 15 16 -17 -18 19 -20 0
uf20-062 2784 1 -2 3 -4 5 6 7 -8 -9 -10 -11 12 -13 -14 -15 -16 17 18 -19 20 0
uf20-0630 13 -1 -2 -3 4 5 6 7 8 -9 10 -11 12 13 14 -15 16 17 18 19 -20 0
uf20-0631 10 1 2 -3 4 -5 6 7 -8 -9 10 11 -12 13 -14 15 -16 -17 -18 -19 20 0
uf20-0632 1268 -1 2 3 4 -5 6 -7 8 9 10 11 -12 -13 14 15 16 17 -18 -19 -20 0
uf20-0633 2576 1 -2 3 4 -5 -6 7 -8 -9 10 -11 -12 -13 -14 15 -16 -17 18 19 20 0
uf20-0634 4365 -1 2 3 -4 5 6 7 -8 9 10 11 12 -13 -14 -15 -16 17 18 -19 -20 0
uf20-0635 728 1 -2 -3 -4 5 6 -7 -8 -9 10 11 -12 13 14 15 16 -17 -18 19 -20 0
uf20-0636 4933 1 2 3 -4 -5 6 7 8 9 10 11 -12 -13 -14 -15 16 17 18 19 -20 0
uf20-0637 1299 1 -2 -3 -4 5 -6 -7 -8 9 10 -11 12 -13 -14 15 -16 -17 -18 19 20 0
uf20-0638 1544 1 -2 -3 -4 5 -6 -7 -8 -9 -10 11 -12 -13 -14 15 16 -17 18 19 -20 0
uf20-0639 1627 1 -2 3 4 5 6 7 8 -9 10 -11 -12 -13 -14 15 -16 17 -18 19 20 0
uf20-063 2883 1 2 3 -4 5 6 -7 8 9 -10 11 12 13 -14 -15 16 17 18 19 20 0
uf20-0640 4314 1 2 -3 4 5 6 -7 -8 9 -10 -11 -12 13 14 -15 16 -17 -18 19 -20 0
uf20-0641 2163 1 2 -3 4 -5 6 7 8 9 -10 -11 -12 -13 14 -15 16 -17 18 -19 20 0
uf20-0642 3530 -1 2 3 -4 -5 6 -7 8 -9 -10 11 12 -13 -14 15 -16 17 18 19 20 0
uf20-0643 4903 -1 2 3 -4 5 -6 7 8 -9 10 11 -12 13 14 15 -16 17 18 19 -20 0
uf20-0644 2239 1 2 3 4 -5 -6 -7 8 9 10 -11 12 -13 14 15 -16 -17 -18 19 20 0
uf20-0645 3955 1 2 3 -4 -5 -6 -7 -8 9 -10 11 -12 13 -14 15 -16 -17 -18 19 -20 0
uf20-0646 2164 1 -2 -3 4 -5 -6 7 8 -9 10 -11 12 13 14 15 16 -17 -18 19 20 0
uf20-0647 548 1 2 -3 4 5 6 -7 -8 -9 -10 11 -12 13 14 -15 16 -17 -18 -19 20 0
uf20-0648 4079 1 2 3 4 5 -6 -7 8 9 -10 11 -12 -13 14 15 16 17 -18 19 -20 0
uf20-0649 4382 -1 2 3 4 5 -6 7 8 9 -10 11 12 -13 14 15 16 -17 18 -19 -20 0
uf20-064 2165 1 -2 3 4 -5 -6 -7 8 9 -10 11 12 13 14 -15 16 17 -18 19 20 0
uf20-0650 5271 -1 2 -3 4 -5 -6 7 -8 -9 -10 11 -12 13 14 -15 16 -17 -18 -19 20 0
uf20-0651 2434 -1 -2 -3 4 5 6 7 8 9 10 -11 -12 -13 -14 15 16 17 18 19 -20 0
uf20-0652 551 -1 -2 3 4 5 6 7 8 9 10 11 12 13 -14 -15 16 -17 -18 19 -20 0
uf20-0653 4632 1 2 3 -4 -5 6 7 -8 -9 -10 11 -12 13 14 -15 -16 -17 18 19 20 0
uf20-0654 2080 -1 -2 -3 -4 5 6 7 -8 -9 10 -11 12 13 -14 -15 16 17 18 19 20 0
uf20-0655 4697 1 2 -3 -4 5 6 -7 8 -9 10 11 12 13 -14 -15 16 17 -18 -19 20 0
uf20-0656 547 1 2 -3 4 5 -6 -7 -8 9 -10 -11 12 -13 14 -15 -16 -17 18 19 -20 0
uf20-0657 2633 -1 -2 -3 4 -5 6 7 -8 -9 10 11 12 13 14 -15 16 17 18 -19 -20 0
uf20-0658 2318 1 -2 3 4 5 6 -7 -8 -9 10 11 -12 -13 -14 15 -16 17 18 -19 20 0
uf20-0659 3824 1 -2 3 4 5 6 -7 -8 9 10 11 -12 13 -14 -15 16 17 18 19 20 0
uf20-065 2162 1 -2 3 -4 -5 6 -7 8 -9 -10 11 12 13 14 -15 -16 17 -18 19 -20 0
uf20-0660 550 1 2 -3 -4 5 -6 7 8 9 10 -11 12 -13 14 15 -16 -17 18 19 -20 0
uf20-0661 1087 -1 2 -3 -4 -5 6 -7 8 9 10 -11 -12 13 14 15 16 -17 18 -19 20 0
uf20-0662 3198 1 2 -3 4 5 6 -7 8 9 -10 -11 -12 -13 14 15 16 -17 18 19 -20 0
uf20-0663 1265 1 2 -3 -4 -5 6 7 8 9 10 -11 -12 -13 14 -15 -16 17 -18 -19 -20 0
uf20-0664 12 1 2 3 4 5 6 -7 -8 9 -10 -11 -12 13 -14 -15 16 -17 18 19 20 0
uf20-0665 4358 -1 2 -3 -4 5 -6 -7 8 9 10 11 12 -13 14 -15 16 17 -18 19 20 0
uf20-0666 1086 1 2 3 -4 5 -6 7 8 9 -10 -11 -12 -13 14 -15 -16 -17 -18 -19 20 0
uf20-0667 7015 -1 2 -3 4 5 6 -7 8 9 10 11 12 13 14 -15 -16 17 18 19 20 0
uf20-0668 2592 1 -2 3 -4 5 -6 -7 -8 -9 -10 11 12 -13 14 15 -16 -17 -18 19 20 0
uf20-0669 549 1 2 -3 4 -5 -6 -7 -8 -9 10 11 -12 -13 14 15 16 -17 18 19 20 0
uf20-066 2166 1 2 -3 4 -5 6 7 -8 9 -10 11 12 13 14 15 16 17 -18 -19 20 0
uf20-0670 546 -1 2 -3 4 5 -6 -7 -8 9 10 -11 12 -13 14 -15 -16 -17 18 -19 -20 0
uf20-0671 3068 -1 -2 -3 -4 5 -6 7 -8 -9 10 11 12 13 -14 15 -16 17 -18 -19 20 0
uf20-0672 728 1 -2 3 4 -5 6 -7 -8 9 10 11 -12 13 -14 15 -16 -17 18 -19 -20 0
uf20-0673 7436 -1 2 -3 4 5 6 -7 -8 -9 10 11 12 -13 14 -15 16 -17 -18 19 20 0
uf20-0674 7 -1 -2 3 -4 -5 -6 -7 8 -9 -10 11 -12 13 14 15 -16 -17 18 -19 -20 0
uf20-0675 551 1 2 3 4 -5 -6 7 8 9 -10 -11 12 13 14 15 -16 -17 18 -19 20 0
uf20-0676 3909 -1 -2 -3 -4 5 6 7 -8 9 10 11 12 13 -14 -15 16 -17 -18 -19 -20 0
uf20-0677 3394 -1 -2 3 4 -5 6 7 -8 -9 10 -11 -12 13 14 -15 16 17 18 -19 20 0
uf20-0678 10 -1 2 3 4 5 6 -7 -8 -9 10 -11 12 -13 -14 -15 16 -17 -18 19 20 0
uf20-0679 2782 1 2 3 4 5 -6 7 8 9 10 -11 -12 13 14 15 16 17 18 19 -20 0
uf20-067 7390 -1 2 3 4 5 -6 -7 8 9 10 11 12 -13 14 15 -16 -17 18 19 -20 0
uf20-0680 551 -1 2 3 4 -5 -6 7 8 9 -10 -11 -12 13 14 15 16 17 18 19 -20 0
uf20-0681 2381 1 2 3 4 5 -6 -7 8 9 -10 -11 -12 13 14 15 16 -17 18 19 20 0
uf20-0682 3620 -1 2 -3 -4 -5 -6 7 -8 9 10 -11 -12 -13 14 -15 -16 17 -18 -19 -20 0
uf20-0683 12 1 -2 -3 -4 -5 6 7 8 -9 -10 11 -12 13 14 15 16 17 -18 19 20 0
uf20-0684 9 -1 2 -3 -4 -5 -6 7 -8 9 10 -11 -12 13 14 15 16 -17 18 -19 -20 0
uf20-0685 2488 -1 2 -3 4 -5 6 -7 8 9 10 11 12 -13 14 15 -16 17 -18 19 20 0
uf20-0686 1546 1 -2 -3 4 5 6 -7 8 9 -10 -11 -12 -13 14 -15 -16 17 18 19 -20 0
uf20-0687 549 -1 2 3 -4 -5 6 7 -8 -9 -10 11 12 13 -14 -15 16 17 18 -19 20 0
uf20-0688 6199 1 -2 3 4 5 6 7 -8 -9 10 -11 -12 -13 -14 -15 16 17 18 19 20 0
uf20-0689 2163 1 2 -3 -4 5 6 -7 8 9 10 11 12 -13 14 -15 16 -17 -18 19 -20 0
uf20-068 2885 -1 2 3 4 -5 6 -7 8 9 -10 11 -12 13 14 15 16 -17 18 -19 20 0
uf20-0690 5565 1 -2 -3 4 -5 -6 -7 8 9 10 11 -12 13 -14 -15 16 17 -18 19 -20 0
uf20-0691 12 1 2 -3 -4 5 -6 7 8 -9 10 -11 12 13 -14 15 -16 17 18 19 -20 0
uf20-0692 1088 -1 2 -3 4 5 -6 -7 -8 9 10 11 -12 13 14 15 -16 17 -18 19 20 0
uf20-0693 550 -1 -2 -3 -4 5 -6 7 -8 9 10 11 -12 13 14 15 16 17 -18 19 20 0
uf20-0694 551 -1 2 3 4 5 6 -7 -8 9 10 11 12 -13 -14 -15 -16 17 18 19 20 0
uf20-0695 554 1 2 3 -4 5 6 7 8 9 10 -11 -12 13 14 15 16 -17 18 19 20 0
uf20-0696 1984 1 2 3 4 5 6 -7 8 9 10 -11 12 -13 -14 15 -16 -17 18 -19 -20 0
uf20-0697 3956 -1 2 3 -4 5 -6 7 8 9 -10 11 12 13 -14 -15 -16 17 18 19 -20 0
uf20-0698 14 -1 -2 3 4 5 6 7 8 -9 10 11 12 -13 14 15 16 17 -18 19 -20 0
uf20-0699 1084 -1 2 3 4 -5 -6 -7 8 -9 10 11 12 -13 -14 -15 -16 17 -18 -19 -20 0
uf20-069 548 1 2 3 4 -5 -6 -7 -8 9 -10 11 -12 13 14 -15 -16 17 -18 19 -20 0
uf20-06 1090 1 2 -3 -4 5 -6 -7 8 -9 10 11 12 -13 14 15 16 17 18 19 20 0
uf20-0700 11 -1 2 -3 4 5 6 7 -8 9 -10 11 12 -13 -14 -15 16 -17 18 19 -20 0
uf20-0701 9 1 2 3 4 -5 -6 7 8 9 -10 -11 12 13 -14 -15 -16 -17 -18 -19 -20 0
uf20-0702 6952 1 2 3 4 5 6 7 8 9 10 -11 12 13 14 -15 -16 17 18 19 20 0
uf20-0703 3939 -1 2 -3 4 5 6 7 8 -9 -10 -11 12 13 14 -15 -16 17 18 -19 20 0
uf20-0704 5034 -1 -2 -3 4 -5 6 7 -8 -9 10 -11 -12 13 -14 15 16 17 18 -19 -20 0
uf20-0705 550 -1 2 3 4 5 6 7 8 -9 -10 11 12 -13 -14 -15 16 17 18 -19 -20 0
uf20-0706 6660 -1 -2 3 -4 5 6 -7 8 9 10 11 -12 13 14 15 -16 17 18 19 20 0
uf20-0707 2162 -1 -2 3 4 -5 6 -7 -8 9 10 -11 -12 -13 14 15 16 -17 -18 19 20 0
uf20-0708 11 1 -2 3 -4 5 6 7 8 -9 10 11 12 -13 -14 -15 -16 17 18 -19 -20 0
uf20-0709 3243 1 -2 3 -4 -5 -6 7 8 9 10 -11 -12 13 14 15 16 17 18 19 20 0
uf20-070 3975 1 -2 -3 -4 -5 6 -7 -8 9 10 11 12 13 -14 -15 -16 17 18 19 -20 0
uf20-0710 1623 -1 -2 -3 -4 5 -6 -7 8 9 -10 -11 12 13 -14 15 16 -17 -18 -19 20 0
uf20-0711 1355 -1 2 -3 4 -5 6 -7 -8 9 10 11 -12 -13 -14 -15 -16 17 18 19 20 0
uf20-0712 11 -1 2 3 -4 -5 6 -7 -8 -9 10 -11 12 13 14 -15 -16 17 18 19 20 0
uf20-0713 3060 -1 -2 -3 4 5 6 -7 -8 9 -10 11 -12 -13 -14 15 16 17 18 19 20 0
uf20-0714 3403 -1 2 -3 4 5 -6 -7 8 9 10 -11 12 13 14 15 16 17 18 19 20 0
uf20-0715 10 1 -2 3 4 -5 -6 -7 8 -9 10 11 -12 13 14 15 -16 17 -18 -19 -20 0
uf20-0716 10 -1 -2 -3 4 -5 6 -7 8 9 10 -11 -12 13 14 -15 16 17 -18 -19 20 0
uf20-0717 550 1 2 3 4 5 -6 7 8 -9 10 -11 12 -13 14 15 -16 -17 18 -19 -20 0
uf20-0718 1622 -1 -2 -3 -4 -5 6 7 -8 -9 -10 11 12 13 -14 -15 16 -17 -18 19 -20 0
uf20-0719 1515 -1 2 -3 -4 -5 6 7 -8 9 -10 11 12 13 -14 -15 -16 -17 -18 19 20 0
uf20-071 4315 1 2 -3 4 5 6 -7 -8 -9 -10 11 -12 13 -14 15 -16 -17 -18 -19 20 0
uf20-0720 1854 1 -2 3 4 -5 -6 -7 8 -9 10 11 -12 -13 -14 15 16 -17 -18 19 20 0
uf20-0721 3599 -1 2 3 4 -5 -6 7 -8 9 -10 -11 12 13 14 15 16 17 18 19 20 0
uf20-0722 4432 1 2 -3 4 -5 6 7 8 -9 10 11 12 -13 14 15 16 17 18 19 -20 0
uf20-0723 1088 1 -2 -3 4 5 6 7 -8 9 10 11 -12 -13 -14 15 -16 17 -18 19 20 0
uf20-0724 3954 1 2 3 4 5 -6 7 8 -9 10 11 12 13 -14 15 16 17 18 19 20 0
uf20-0725 8 1 -2 -3 -4 5 6 7 8 -9 -10 -11 -12 13 -14 -15 16 17 -18 -19 -20 0
uf20-0726 2971 1 2 3 -4 -5 -6 -7 8 9 -10 11 12 -13 -14 15 -16 17 18 19 20 0
uf20-0727 5002 -1 2 -3 -4 5 -6 7 -8 9 10 11 -12 -13 14 15 16 -17 18 19 20 0
uf20-0728 1448 1 2 3 -4 -5 -6 -7 -8 -9 -10 -11 12 -13 -14 -15 -16 17 18 19 20 0
uf20-0729 9 -1 -2 3 -4 5 -6 -7 -8 9 -10 -11 12 13 14 -15 -16 17 18 -19 20 0
uf20-072 2168 -1 -2 -3 -4 5 6 -7 -8 9 -10 11 12 -13 -14 15 -16 -17 18 -19 20 0
uf20-0730 3222 1 2 3 4 5 -6 -7 8 9 10 -11 -12 13 -14 15 16 -17 -18 19 20 0
uf20-0731 1452 -1 -2 3 4 -5 6 7 8 9 -10 11 -12 13 14 15 -16 17 -18 19 -20 0
uf20-0732 3753 1 2 -3 4 -5 -6 -7 8 9 10 11 -12 13 14 15 16 -17 -18 -19 -20 0
uf20-0733 14 1 2 3 4 5 -6 -7 8 -9 10 11 -12 -13 14 15 16 17 18 19 -20 0
uf20-0734 5144 1 2 -3 4 5 -6 -7 8 -9 10 11 12 13 14 15 16 17 18 -19 20 0
uf20-0735 6 1 2 3 4 -5 -6 -7 -8 -9 10 -11 -12 -13 -14 -15 -16 -17 -18 19 -20 0
uf20-0736 730 -1 2 -3 4 5 -6 7 -8 9 -10 -11 -12 -13 14 15 -16 17 -18 19 20 0
uf20-0737 3611 1 2 3 -4 -5 -6 7 -8 -9 10 11 12 13 14 15 -16 -17 -18 -19 20 0
uf20-0738 10095 -1 2 3 4 -5 6 7 8 9 10 11 -12 13 -14 -15 16 17 18 19 20 0
uf20-0739 970 1 -2 3 -4 5 6 7 8 -9 10 -11 -12 -13 14 15 -16 -17 -18 19 -20 0
uf20-073 733 1 2 -3 -4 -5 6 7 -8 9 10 -11 12 13 -14 -15 16 17 18 19 20 0
uf20-0740 730 1 2 3 -4 5 -6 -7 -8 -9 10 11 -12 -13 -14 15 -16 17 18 -19 20 0
uf20-0741 8172 1 2 3 -4 -5 6 7 8 9 -10 -11 -12 13 -14 15 -16 17 18 -19 20 0
uf20-0742 7309 1 2 3 4 5 -6 7 8 9 -10 11 -12 -13 14 15 16 17 18 19 20 0
uf20-0743 1449 -1 2 -3 4 5 -6 7 8 -9 -10 -11 -12 -13 -14 15 16 17 -18 -19 20 0
uf20-0744 2317 1 -2 3 -4 -5 6 7 8 -9 -10 -11 12 13 -14 15 16 17 18 19 20 0
uf20-0745 10236 1 -2 -3 4 5 6 7 8 -9 10 -11 12 13 -14 15 16 17 -18 -19 -20 0
uf20-0746 1863 1 2 3 4 5 6 7 8 9 10 -11 -12 -13 14 -15 -16 -17 -18 19 20 0
uf20-0747 2891 -1 -2 -3 -4 -5 6 -7 8 -9 10 11 12 13 14 15 -16 17 -18 19 20 0
uf20-0748 6026 1 -2 -3 4 5 6 7 8 9 -10 -11 -12 13 -14 -15 16 -17 18 19 -20 0
uf20-0749 1741 1 -2 3 -4 5 -6 -7 -8 9 10 -11 12 13 -14 15 16 17 18 19 20 0
uf20-074 8 1 -2 3 -4 5 -6 -7 -8 -9 10 -11 -12 -13 14 -15 16 -17 18 19 -20 0
uf20-0750 734 1 2 3 -4 5 6 -7 -8 9 -10 11 -12 13 14 -15 16 17 18 19 20 0
uf20-0751 1451 -1 -2 3 4 5 6 7 -8 -9 -10 -11 -12 -13 14 15 16 17 -18 19 20 0
uf20-0752 3252 1 -2 3 -4 5 -6 7 8 9 10 11 -12 13 -14 -15 16 17 18 -19 -20 0
uf20-0753 4905 1 -2 -3 4 5 -6 -7 8 9 -10 -11 12 13 -14 -15 16 -17 18 -19 -20 0
uf20-0754 4882 1 2 3 -4 -5 -6 -7 -8 -9 10 11 -12 -13 -14 -15 16 17 18 19 20 0
uf20-0755 11 1 2 3 -4 5 -6 7 -8 9 10 11 -12 13 -14 15 -16 17 -18 -19 -20 0
uf20-0756 2891 1 -2 3 -4 5 -6 7 8 -9 -10 -11 12 -13 -14 15 -16 17 18 19 20 0
uf20-0757 1738 1 -2 3 -4 5 6 -7 -8 -9 10 11 -12 -13 -14 15 -16 -17 18 19 20 0
uf20-0758 7021 1 2 3 4 -5 -6 7 8 -9 10 11 12 13 -14 15 16 17 -18 -19 20 0
uf20-0759 9 1 2 3 -4 5 -6 -7 -8 9 10 11 -12 -13 -14 -15 16 17 -18 -19 -20 0
uf20-075 4511 1 2 3 -4 5 -6 -7 8 -9 10 11 -12 13 -14 15 16 -17 -18 19 -20 0
uf20-0760 7933 1 -2 3 -4 5 6 7 8 -9 10 -11 12 13 -14 -15 16 -17 18 19 20 0
uf20-0761 8206 1 2 -3 4 5 -6 7 -8 9 10 11 -12 13 14 15 16 17 -18 19 20 0
uf20-0762 1451 1 -2 3 -4 5 6 -7 8 9 -10 -11 12 13 14 -15 -16 17 -18 19 -20 0
uf20-0763 8 1 -2 -3 -4 5 6 -7 8 9 -10 -11 -12 -13 14 -15 -16 -17 18 -19 20 0
uf20-0764 11 1 -2 3 4 5 6 7 -8 -9 10 -11 -12 13 14 -15 16 -17 -18 19 -20 0
uf20-0765 3611 -1 2 3 -4 5 -6 -7 8 9 10 11 12 -13 -14 -15 16 17 -18 19 -20 0
uf20-0766 5053 1 2 -3 -4 -5 6 7 8 9 10 -11 12 13 14 15 16 -17 -18 -19 20 0
uf20-0767 7472 -1 -2 -3 4 -5 -6 7 -8 -9 10 -11 -12 13 14 15 16 17 -18 19 20 0
uf20-0768 4404 -1 -2 3 -4 -5 -6 7 -8 -9 10 11 12 13 14 -15 16 17 18 -19 20 0
uf20-0769 1452 -1 -2 3 4 5 6 -7 -8 9 10 11 12 13 14 -15 16 -17 18 -19 -20 0
uf20-076 9 -1 -2 3 -4 -5 6 7 -8 9 -10 11 -12 -13 -14 -15 16 -17 18 19 20 0
uf20-0770 3131 -1 2 3 4 -5 -6 -7 -8 9 -10 -11 12 13 14 15 -16 17 18 -19 20 0
uf20-0771 732 1 2 3 -4 5 6 -7 8 -9 -10 11 -12 13 14 15 -16 17 18 -19 -20 0
uf20-0772 6078 -1 2 -3 -4 5 -6 7 -8 9 10 11 12 13 -14 -15 16 17 18 -19 20 0
uf20-0773 4812 1 -2 3 4 5 -6 7 8 9 10 -11 -12 -13 14 -15 -16 17 -18 19 20 0
uf20-0774 2755 1 -2 -3 4 -5 -6 -7 8 -9 -10 11 12 13 -14 15 16 -17 -18 19 20 0
uf20-0775 8 1 -2 -3 4 -5 -6 -7 -8 9 10 11 12 -13 -14 -15 16 -17 -18 -19 20 0
uf20-0776 6550 1 -2 3 4 5 -6 7 -8 9 -10 -11 12 -13 14 -15 16 -17 18 -19 -20 0
uf20-0777 731 -1 2 -3 4 5 -6 7 -8 9 -10 11 12 -13 -14 15 16 -17 18 19 -20 0
uf20-0778 2893 1 2 -3 4 5 -6 -7 8 -9 10 11 12 -13 14 15 16 -17 18 -19 20 0
uf20-0779 2531 1 2 -3 4 -5 -6 7 8 9 -10 -11 12 -13 -14 15 -16 17 18 -19 20 0
uf20-077 6490 -1 2 3 4 5 -6 -7 -8 -9 -10 11 12 13 14 -15 -16 17 -18 -19 20 0
uf20-0780 2890 -1 -2 3 -4 -5 6 7 -8 9 10 11 -12 -13 14 15 16 -17 -18 19 -20 0
uf20-0781 729 1 -2 -3 4 -5 -6 -7 -8 9 10 -11 -12 -13 -14 15 16 17 18 19 -20 0
uf20-0782 9 1 -2 3 -4 5 -6 7 -8 9 10 -11 -12 -13 -14 15 16 17 -18 -19 -20 0
uf20-0783 733 -1 2 -3 4 -5 -6 7 8 9 -10 11 -12 13 14 15 16 17 -18 19 20 0
uf20-0784 5130 -1 -2 -3 4 5 6 7 -8 9 -10 -11 -12 -13 14 15 16 -17 -18 19 20 0
uf20-0785 4601 -1 -2 3 -4 -5 6 7 8 -9 10 11 12 13 -14 15 -16 17 18 -19 -20 0
uf20-0786 5974 1 -2 3 4 5 6 7 8 9 10 11 12 13 14 -15 -16 -17 -18 19 -20 0
uf20-0787 8854 1 2 -3 -4 -5 -6 7 -8 -9 10 11 -12 13 -14 15 -16 17 18 19 20 0
uf20-0788 4116 1 -2 3 4 -5 -6 7 8 9 10 -11 -12 13 14 15 16 -17 -18 19 -20 0
uf20-0789 974 1 2 3 -4 -5 6 7 -8 9 10 11 12 -13 14 15 16 -17 18 19 -20 0
uf20-078 3613 1 -2 3 4 5 -6 7 -8 9 -10 11 12 -13 -14 15 -16 17 18 19 20 0
uf20-0790 2172 1 2 -3 4 5 -6 7 8 9 10 -11 -12 13 14 -15 16 -17 -18 -19 20 0
uf20-0791 9 -1 2 -3 4 -5 -6 -7 -8 9 10 11 12 13 14 15 -16 -17 -18 -19 -20 0
uf20-0792 7169 1 2 -3 4 -5 -6 7 8 9 -10 -11 -12 13 -14 15 16 17 -18 19 -20 0
uf20-0793 2684 -1 2 3 -4 5 -6 -7 8 9 10 11 12 13 -14 15 -16 -17 18 -19 -20 0
uf20-0794 732 1 -2 3 4 5 -6 -7 8 9 10 11 12 -13 14 -15 16 -17 18 -19 -20 0
uf20-0795 7932 -1 2 3 -4 5 6 7 8 9 10 11 12 -13 -14 15 -16 -17 18 -19 -20 0
uf20-0796 9 -1 -2 3 -4 5 6 -7 8 -9 -10 -11 12 -13 -14 -15 -16 17 18 19 20 0
uf20-0797 7107 1 2 3 4 -5 -6 7 8 -9 10 11 -12 13 14 15 16 17 18 -19 -20 0
uf20-0798 734 1 2 3 4 5 -6 7 -8 -9 -10 11 -12 13 14 15 16 17 18 -19 20 0
uf20-0799 4331 1 -2 3 -4 -5 6 -7 8 -9 10 11 12 -13 -14 -15 16 17 18 19 -20 0
uf20-079 5048 1 -2 3 4 5 6 -7 8 -9 10 -11 12 -13 -14 -15 -16 17 18 -19 20 0
uf20-07 5517 -1 -2 3 4 -5 -6 7 8 -9 10 -11 12 -13 14 15 -16 17 18 -19 20 0
uf20-0800 2174 1 2 3 -4 5 6 7 8 9 -10 11 12 -13 -14 -15 16 17 18 19 -20 0
uf20-0801 6495 1 2 3 -4 5 6 7 8 9 10 11 -12 -13 14 15 16 17 -18 19 -20 0
uf20-0802 2533 1 -2 -3 4 5 -6 7 -8 -9 10 -11 12 13 14 -15 16 17 18 19 20 0
uf20-0803 4331 -1 2 3 4 5 6 7 -8 9 10 -11 12 13 14 15 -16 17 -18 19 -20 0
uf20-0804 7050 1 2 3 4 -5 6 -7 8 -9 -10 11 12 13 14 -15 16 -17 -18 -19 20 0
uf20-0805 2414 -1 -2 3 -4 -5 6 7 -8 9 10 11 12 13 14 15 16 -17 18 19 20 0
uf20-0806 732 -1 -2 -3 4 -5 -6 7 8 9 10 11 12 13 -14 15 -16 17 -18 19 20 0
uf20-0807 3070 -1 -2 -3 4 5 -6 7 8 -9 -10 11 12 -13 14 -15 16 17 -18 19 -20 0
uf20-0808 8 -1 2 3 -4 -5 -6 -7 8 -9 10 -11 -12 13 -14 15 16 -17 -18 -19 20 0
uf20-0809 7896 -1 -2 3 4 5 6 -7 8 -9 10 -11 -12 -13 14 15 16 17 18 19 20 0
uf20-080 6827 1 2 -3 4 5 6 7 8 9 10 11 12 13 -14 15 -16 -17 -18 -19 20 0
uf20-0810 9803 1 -2 -3 -4 5 6 -7 -8 9 10 11 -12 13 -14 15 16 -17 -18 19 20 0
uf20-0811 5772 1 2 3 4 -5 -6 -7 8 9 -10 11 -12 -13 14 15 16 17 18 -19 -20 0
uf20-0812 12 1 2 -3 4 5 6 7 -8 -9 -10 11 12 -13 14 -15 -16 17 18 19 -20 0
uf20-0813 9129 1 2 3 4 5 -6 7 -8 9 10 11 12 13 14 -15 -16 17 18 -19 -20 0
uf20-0814 4328 1 -2 -3 4 5 6 7 -8 -9 -10 11 -12 13 14 -15 16 -17 -18 19 -20 0
uf20-0815 10 -1 -2 3 -4 5 6 7 -8 9 -10 -11 12 13 -14 15 16 -17 -18 -19 20 0
uf20-0816 3712 1 2 3 -4 5 -6 7 -8 -9 -10 11 12 13 14 15 -16 -17 -18 19 -20 0
uf20-0817 5611 1 -2 -3 4 -5 -6 7 8 -9 -10 11 12 13 -14 -15 16 17 18 -19 20 0
uf20-0818 1449 1 -2 3 -4 -5 6 -7 -8 -9 -10 11 -12 13 -14 15 16 -17 18 19 -20 0
uf20-0819 7893 -1 2 3 -4 5 6 7 8 -9 -10 11 -12 -13 -14 15 16 17 18 19 20 0
uf20-081 730 1 2 -3 4 -5 6 -7 -8 9 10 11 12 13 -14 -15 -16 -17 18 -19 -20 0
uf20-0820 6614 1 2 -3 -4 5 -6 7 8 9 -10 11 12 13 14 15 16 17 -18 19 -20 0
uf20-0821 3661 1 -2 3 4 -5 -6 7 8 -9 10 -11 -12 -13 14 15 -16 -17 18 -19 -20 0
uf20-0822 5733 1 -2 -3 -4 -5 -6 7 8 -9 10 11 12 -13 -14 -15 16 -17 -18 19 20 0
uf20-0823 1451 -1 -2 3 4 -5 6 -7 8 -9 10 11 -12 -13 14 -15 16 17 18 -19 20 0
uf20-0824 6732 1 -2 3 -4 -5 -6 7 -8 -9 10 11 12 13 14 -15 -16 17 18 19 20 0
uf20-0825 1449 -1 2 -3 -4 -5 6 -7 -8 -9 -10 11 -12 13 14 -15 16 17 18 19 -20 0
uf20-0826 11 1 2 3 -4 5 6 7 -8 9 -10 11 12 -13 -14 -15 -16 -17 18 -19 20 0
uf20-0827 10 1 2 -3 -4 5 6 -7 -8 9 -10 -11 12 -13 14 -15 16 -17 18 -19 20 0
uf20-0828 5666 1 -2 3 4 5 6 7 -8 9 10 11 -12 -13 14 15 16 17 -18 19 20 0
uf20-0829 1450 -1 2 -3 -4 -5 6 7 8 -9 10 11 12 -13 -14 15 -16 17 -18 19 -20 0
uf20-082 3269 1 2 3 4 5 -6 -7 -8 9 10 -11 -12 13 14 -15 16 17 18 -19 20 0
uf20-0830 729 1 -2 -3 -4 -5 6 -7 -8 9 -10 11 -12 13 14 -15 -16 17 18 19 -20 0
uf20-0831 3613 -1 2 -3 4 -5 6 7 8 9 10 11 12 -13 -14 15 -16 17 18 -19 20 0
uf20-0832 4210 1 2 3 -4 5 -6 -7 -8 9 -10 11 -12 -13 -14 -15 16 17 -18 19 20 0
uf20-0833 6924 1 2 3 -4 5 6 7 -8 9 -10 -11 -12 -13 14 15 16 -17 18 19 -20 0
uf20-0834 2168 -1 -2 3 4 -5 -6 7 8 9 -10 -11 -12 -13 14 -15 16 17 -18 -19 -20 0
uf20-0835 5456 -1 -2 3 4 5 -6 7 8 -9 -10 11 12 13 14 15 -16 -17 18 19 20 0
uf20-0836 1451 -1 2 -3 -4 5 6 7 -8 9 10 11 -12 13 -14 -15 16 17 -18 -19 20 0
uf20-0837 12 -1 -2 3 4 5 6 7 -8 9 10 -11 12 -13 14 -15 -16 17 18 19 -20 0
uf20-0838 6488 -1 2 -3 4 -5 6 7 -8 -9 10 -11 -12 -13 -14 -15 -16 17 -18 19 20 0
uf20-0839 2531 -1 2 3 4 -5 -6 7 8 -9 10 11 12 13 -14 -15 16 -17 -18 -19 20 0
uf20-083 3851 1 2 3 4 5 -6 -7 -8 9 10 11 -12 -13 14 -15 -16 17 -18 -19 20 0
uf20-0840 11 1 -2 -3 -4 5 -6 -7 -8 -9 -10 11 12 13 -14 15 16 17 18 19 20 0
uf20-0841 975 1 2 3 4 -5 -6 -7 8 9 10 11 12 13 14 -15 16 17 18 19 -20 0
uf20-0842 10 1 -2 3 -4 -5 6 -7 8 9 10 11 -12 -13 -14 15 16 -17 -18 -19 20 0
uf20-0843 3721 1 -2 3 4 -5 -6 -7 8 9 -10 11 -12 -13 14 -15 16 17 18 19 -20 0
uf20-0844 6894 1 -2 3 4 5 -6 7 8 9 -10 -11 12 -13 14 15 -16 17 18 19 20 0
uf20-0845 7691 1 -2 3 -4 -5 6 7 -8 9 10 -11 12 13 -14 -15 16 -17 -18 19 20 0
uf20-0846 5419 1 2 3 4 5 6 7 8 9 -10 11 12 13 -14 -15 16 17 -18 -19 20 0
uf20-0847 2410 -1 2 3 4 5 6 -7 8 9 -10 -11 12 -13 14 -15 -16 -17 18 -19 -20 0
uf20-0848 729 1 2 -3 4 -5 6 -7 8 -9 -10 -11 12 13 -14 15 16 -17 -18 -19 -20 0
uf20-0849 9 1 -2 -3 4 -5 6 7 -8 9 -10 11 -12 -13 14 -15 -16 17 -18 -19 20 0
uf20-084 2173 -1 -2 3 4 -5 6 -7 8 9 10 -11 -12 13 14 15 -16 17 18 19 20 0
uf20-0850 3130 1 -2 -3 -4 -5 -6 -7 8 -9 -10 11 -12 13 14 15 16 -17 18 19 20 0
uf20-0851 1736 -1 2 3 -4 -5 -6 -7 -8 9 10 11 -12 -13 -14 15 -16 -17 18 19 -20 0
uf20-0852 4474 1 2 3 -4 5 -6 7 -8 -9 -10 -11 12 -13 14 -15 16 17 -18 19 -20 0
uf20-0853 733 1 2 3 4 5 6 -7 -8 -9 10 -11 -12 13 14 -15 16 17 18 -19 20 0
uf20-0854 6090 1 -2 -3 -4 -5 6 7 -8 9 -10 -11 12 -13 -14 15 16 17 -18 19 20 0
uf20-0855 731 -1 -2 3 4 5 6 7 8 -9 10 11 12 -13 14 -15 -16 -17 -18 19 -20 0
uf20-0856 10382 -1 -2 3 4 5 -6 7 8 9 10 11 12 13 14 15 -16 17 -18 19 -20 0
uf20-0857 3609 -1 -2 3 4 -5 6 -7 -8 -9 10 11 12 -13 14 15 -16 17 -18 -19 -20 0
uf20-0858 12 1 -2 3 4 5 -6 -7 8 -9 -10 -11 12 13 -14 15 16 17 -18 19 20 0
uf20-0859 5053 1 -2 -3 -4 5 6 -7 8 9 -10 11 12 -13 14 15 16 -17 18 19 20 0
uf20-085 734 1 2 -3 4 -5 -6 7 8 9 10 11 12 -13 -14 15 16 17 -18 19 20 0
uf20-0860 6602 -1 -2 -3 4 5 6 -7 8 -9 -10 -11 12 13 -14 -15 16 17 -18 19 20 0
uf20-0861 11437 -1 -2 -3 4 5 -6 -7 8 9 10 11 -12 13 14 15 16 17 18 -19 20 0
uf20-0862 2216 -1 -2 3 -4 -5 6 7 -8 -9 -10 -11 12 13 14 15 16 17 -18 19 20 0
uf20-0863 735 -1 2 -3 4 -5 6 -7 8 9 10 -11 -12 -13 -14 15 16 -17 -18 -19 -20 0
uf20-0864 1176 1 -2 3 4 -5 -6 7 8 -9 10 11 12 13 -14 15 16 -17 18 -19 20 0
uf20-0865 999 1 2 3 4 -5 -6 -7 -8 9 -10 -11 12 -13 -14 15 16 -17 18 -19 -20 0
uf20-0866 1097 1 -2 3 -4 -5 6 -7 -8 9 10 -11 12 13 14 -15 16 17 -18 -19 20 0
uf20-0867 10 -1 2 -3 4 -5 -6 -7 8 9 10 -11 -12 -13 14 15 16 17 -18 19 -20 0
uf20-0868 3011 1 2 3 4 5 6 7 8 9 -10 -11 12 13 -14 -15 16 -17 -18 -19 20 0
uf20-0869 881 -1 2 -3 4 -5 -6 -7 8 -9 10 11 -12 -13 14 15 -16 -17 -18 -19 20 0
uf20-086 1950 -1 2 -3 -4 5 6 7 8 9 10 -11 -12 -13 14 15 -16 17 -18 -19 -20 0
uf20-0870 1242 1 -2 3 4 5 -6 7 -8 9 10 11 12 -13 -14 15 16 17 18 19 20 0
uf20-0871 885 1 2 -3 4 -5 6 7 8 9 10 11 12 -13 14 -15 -16 17 18 -19 -20 0
uf20-0872 1841 1 -2 3 4 -5 -6 -7 -8 -9 -10 11 12 13 14 -15 -16 17 18 -19 20 0
uf20-0873 16 1 2 3 4 5 -6 7 -8 9 10 11 -12 13 14 15 16 17 -18 19 20 0
uf20-0874 3049 1 2 3 -4 5 6 7 -8 9 10 11 12 -13 14 15 16 -17 -18 19 20 0
uf20-0875 825 -1 -2 -3 -4 5 -6 -7 8 9 10 11 -12 13 14 -15 16 17 18 -19 -20 0
uf20-0876 1582 1 2 -3 -4 -5 -6 7 8 9 -10 -11 12 13 -14 -15 16 17 18 19 20 0
uf20-0877 302 1 2 -3 -4 5 -6 7 8 -9 10 -11 12 -13 -14 15 16 17 -18 -19 20 0
uf20-0878 2956 -1 -2 -3 4 -5 6 7 -8 9 -10 11 12 13 -14 15 16 -17 18 19 -20 0
uf20-0879 593 1 -2 3 -4 5 -6 -7 8 9 10 -11 12 -13 -14 -15 16 17 18 -19 20 0
uf20-087 2488 1 2 3 -4 -5 6 7 8 -9 10 11 12 13 14 15 16 -17 -18 19 20 0
uf20-0880 1349 -1 2 -3 4 5 6 -7 -8 9 10 11 12 -13 14 15 16 -17 18 -19 -20 0
uf20-0881 16 1 2 3 4 -5 6 7 -8 9 -10 11 12 13 -14 15 16 17 18 19 20 0
uf20-0882 2083 -1 -2 3 -4 5 6 -7 8 9 10 11 -12 13 14 15 -16 -17 18 19 -20 0
uf20-0883 10 -1 -2 3 -4 5 6 7 8 9 -10 11 12 13 -14 -15 16 -17 -18 -19 -20 0
uf20-0884 592 -1 2 -3 4 5 -6 7 -8 9 -10 11 -12 13 14 -15 16 -17 -18 -19 20 0
uf20-0885 1258 1 -2 -3 4 -5 6 7 -8 9 -10 11 12 13 14 -15 -16 -17 18 19 20 0
uf20-0886 594 1 -2 -3 4 5 -6 7 -8 -9 -10 11 12 13 14 -15 16 -17 18 19 20 0
uf20-0887 9 -1 -2 -3 4 5 -6 -7 -8 -9 10 11 12 -13 14 -15 16 17 -18 -19 20 0
uf20-0888 1078 1 -2 -3 -4 -5 6 -7 8 -9 10 -11 -12 13 14 15 16 17 18 -19 20 0
uf20-0889 982 1 -2 -3 4 5 -6 -7 8 -9 10 -11 12 -13 -14 15 16 17 18 19 20 0
uf20-088 2250 1 -2 -3 4 -5 6 -7 8 -9 -10 11 12 13 14 15 -16 -17 18 -19 -20 0
uf20-0890 1902 1 2 3 -4 -5 -6 -7 -8 -9 -10 11 12 13 -14 15 -16 17 18 19 -20 0
uf20-0891 592 -1 2 -3 4 5 6 7 8 -9 -10 11 12 13 -14 15 -16 -17 -18 -19 -20 0
uf20-0892 1077 -1 -2 -3 -4 5 6 -7 -8 9 10 11 -12 13 -14 15 16 17 18 -19 -20 0
uf20-0893 7 -1 2 3 -4 -5 6 -7 -8 -9 -10 11 -12 -13 -14 15 16 -17 -18 19 -20 0
uf20-0894 594 1 2 3 4 -5 6 -7 8 -9 10 -11 -12 -13 14 -15 -16 17 18 19 20 0
uf20-0895 1089 1 -2 -3 4 5 -6 7 -8 -9 -10 -11 -12 -13 14 15 16 -17 -18 19 -20 0
uf20-0896 5 -1 -2 -3 4 5 -6 -7 8 9 -10 -11 -12 -13 14 -15 -16 -17 -18 -19 -20 0
uf20-0897 1032 1 2 3 4 5 -6 7 8 -9 -10 11 -12 13 14 15 -16 -17 18 19 -20 0
uf20-0898 2858 -1 -2 -3 -4 5 -6 -7 -8 9 -10 11 12 13 -14 15 -16 17 18 19 -20 0
uf20-0899 1178 1 2 -3 -4 5 6 -7 8 9 10 -11 12 13 -14 15 16 -17 18 19 20 0
uf20-089 1546 1 -2 -3 4 5 -6 7 -8 9 -10 -11 12 -13 -14 -15 -16 -17 -18 19 20 0
uf20-08 880 -1 -2 3 4 -5 6 -7 -8 9 -10 11 -12 13 -14 -15 -16 -17 -18 -19 20 0
uf20-0900 2500 1 -2 3 4 5 -6 -7 -8 9 10 11 12 13 -14 -15 -16 17 18 -19 -20 0
uf20-0901 305 1 2 3 -4 5 -6 -7 8 9 10 -11 12 13 14 -15 16 17 -18 19 20 0
uf20-0902 1564 -1 2 3 4 5 -6 -7 -8 9 10 -11 12 13 -14 15 16 -17 -18 -19 20 0
uf20-0903 593 -1 -2 3 4 5 6 -7 8 -9 10 -11 12 -13 14 15 16 -17 -18 -19 20 0
uf20-0904 710 1 -2 3 4 5 -6 -7 8 9 -10 -11 12 13 -14 -15 16 -17 18 19 20 0
uf20-0905 2270 -1 -2 3 -4 5 6 -7 8 9 -10 -11 12 13 14 -15 -16 -17 18 19 20 0
uf20-0906 2338 1 2 3 -4 -5 6 -7 -8 -9 -10 11 12 -13 -14 -15 16 17 -18 19 20 0
uf20-0907 1392 -1 2 -3 -4 5 6 7 -8 -9 10 11 -12 -13 14 -15 -16 -17 -18 19 20 0
uf20-0908 297 -1 -2 -3 4 -5 6 -7 -8 9 -10 11 -12 -13 -14 15 -16 -17 18 -19 -20 0
uf20-0909 1059 -1 2 3 -4 5 -6 7 8 -9 10 -11 12 13 14 -15 -16 -17 18 -19 20 0
uf20-090 2754 1 -2 3 4 5 -6 -7 8 9 10 -11 -12 13 -14 -15 16 17 18 -19 20 0
uf20-0910 1979 1 2 3 -4 5 -6 -7 8 9 -10 -11 12 -13 14 -15 -16 -17 18 19 -20 0
uf20-0911 2247 -1 2 3 -4 5 6 -7 8 9 10 11 12 -13 14 15 16 -17 -18 19 -20 0
uf20-0912 593 1 2 3 -4 -5 6 -7 8 9 -10 11 -12 -13 14 15 -16 -17 18 19 -20 0
uf20-0913 1996 1 -2 3 4 -5 6 7 8 -9 -10 -11 -12 -13 14 15 16 -17 18 -19 -20 0
uf20-0914 303 1 -2 3 4 5 6 -7 -8 9 -10 11 12 13 -14 15 -16 17 -18 -19 20 0
uf20-0915 1044 -1 2 -3 -4 5 6 -7 8 -9 10 11 12 -13 14 15 16 17 -18 -19 -20 0
uf20-0916 887 1 2 -3 4 -5 -6 7 8 -9 10 11 12 -13 14 15 16 17 18 19 -20 0
uf20-0917 1348 1 2 -3 -4 -5 -6 7 -8 -9 10 11 12 13 -14 -15 -16 -17 18 19 20 0
uf20-0918 397 1 2 -3 -4 -5 6 -7 8 -9 10 11 -12 -13 -14 -15 16 -17 18 -19 20 0
uf20-0919 2048 -1 2 -3 4 5 6 7 -8 9 10 11 12 -13 -14 -15 -16 17 18 19 -20 0
uf20-091 7 -1 -2 -3 4 5 -6 -7 -8 -9 -10 -11 -12 13 -14 15 16 -17 -18 19 20 0
uf20-0920 1642 1 2 3 4 -5 6 -7 8 -9 10 11 -12 13 14 -15 16 17 18 19 20 0
uf20-0921 2092 1 -2 3 -4 5 -6 7 -8 9 10 -11 12 13 14 15 -16 -17 18 19 20 0
uf20-0922 596 1 2 -3 4 5 6 -7 8 -9 -10 11 -12 13 14 15 16 -17 18 19 20 0
uf20-0923 1718 1 2 3 -4 -5 -6 7 8 9 10 11 12 13 -14 -15 16 17 -18 19 -20 0
uf20-0924 13 -1 2 3 4 5 6 7 8 -9 -10 -11 12 -13 14 15 16 17 -18 -19 20 0
uf20-0925 2269 -1 2 3 4 5 6 7 -8 9 -10 11 -12 -13 14 15 -16 -17 -18 19 -20 0
uf20-0926 1175 -1 2 3 4 -5 -6 7 -8 9 -10 -11 12 13 14 15 -16 -17 -18 19 20 0
uf20-0927 884 -1 2 -3 4 5 -6 7 -8 -9 -10 11 12 -13 14 15 16 -17 18 19 20 0
uf20-0928 300 -1 2 -3 4 -5 -6 -7 8 9 -10 11 12 -13 -14 -15 -16 17 18 -19 20 0
uf20-0929 592 -1 2 -3 -4 5 -6 7 -8 9 -10 11 12 13 -14 15 16 -17 -18 -19 20 0
uf20-092 595 1 -2 3 4 5 -6 7 8 -9 -10 11 12 13 14 15 16 17 -18 -19 -20 0
uf20-0930 300 -1 2 3 -4 -5 -6 7 -8 9 -10 11 -12 -13 14 -15 -16 -17 18 19 20 0
uf20-0931 1033 -1 2 3 4 -5 6 7 8 9 10 11 12 13 -14 -15 16 -17 -18 19 20 0
uf20-0932 3507 1 2 3 4 5 -6 7 8 9 -10 11 12 13 -14 -15 16 -17 18 -19 20 0
uf20-0933 1029 -1 2 3 4 5 6 -7 -8 9 -10 -11 -12 -13 14 15 -16 17 -18 -19 20 0
uf20-0934 1047 1 -2 3 4 5 -6 7 8 9 -10 11 -12 13 14 15 16 -17 -18 19 -20 0
uf20-0935 1410 1 -2 3 4 5 6 -7 8 -9 -10 11 12 13 14 15 16 17 18 19 20 0
uf20-0936 11 -1 -2 3 4 5 -6 -7 8 9 10 11 12 -13 -14 -15 16 17 -18 19 -20 0
uf20-0937 9 -1 -2 -3 4 -5 -6 7 8 -9 10 -11 12 -13 -14 15 16 -17 -18 19 20 0
uf20-0938 14 -1 2 -3 4 5 -6 7 8 -9 10 11 12 13 14 -15 16 17 -18 19 20 0
uf20-0939 1273 -1 2 3 -4 5 -6 7 8 9 -10 11 12 -13 14 -15 16 -17 -18 19 20 0
uf20-093 2144 -1 2 3 4 -5 -6 -7 -8 -9 -10 -11 12 13 14 15 -16 -17 18 19 20 0
uf20-0940 1125 -1 2 3 4 5 -6 7 -8 -9 10 -11 12 13 -14 15 16 17 -18 19 -20 0
uf20-0941 1583 -1 2 3 -4 -5 -6 -7 8 -9 10 -11 -12 13 14 15 16 -17 -18 -19 20 0
uf20-0942 2981 1 2 -3 4 -5 6 7 8 9 -10 11 -12 13 -14 15 -16 17 18 19 20 0
uf20-0943 8 -1 2 -3 4 5 -6 7 -8 -9 -10 -11 12 -13 14 15 16 -17 -18 -19 -20 0
uf20-0944 590 -1 2 3 4 5 -6 -7 -8 -9 -10 -11 -12 13 -14 15 16 -17 -18 19 -20 0
uf20-0945 300 -1 2 -3 4 5 6 -7 -8 9 -10 -11 -12 13 14 -15 -16 17 -18 -19 20 0
uf20-0946 1301 1 -2 3 -4 5 6 7 -8 9 -10 11 12 13 -14 -15 -16 17 18 19 20 0
uf20-0947 4712 1 -2 3 4 -5 -6 7 8 9 10 11 12 13 14 -15 16 17 18 -19 20 0
uf20-0948 304 -1 2 3 -4 -5 -6 7 8 -9 10 11 12 13 14 15 -16 17 18 19 -20 0
uf20-0949 2006 1 2 -3 -4 -5 -6 7 -8 9 -10 11 -12 13 14 -15 -16 17 18 19 -20 0
uf20-094 302 1 2 3 -4 5 -6 -7 8 -9 10 11 -12 13 -14 -15 16 17 18 -19 -20 0
uf20-0950 11 1 -2 3 -4 5 6 7 8 -9 -10 -11 12 13 14 -15 -16 17 -18 -19 20 0
uf20-0951 2894 -1 -2 3 4 -5 -6 -7 -8 9 -10 -11 12 13 14 15 -16 -17 -18 19 20 0
uf20-0952 1873 1 -2 3 4 5 6 -7 8 9 -10 11 12 13 -14 -15 -16 -17 18 -19 -20 0
uf20-0953 2371 -1 -2 3 4 5 6 7 -8 9 -10 11 12 -13 -14 15 16 17 18 19 -20 0
uf20-0954 11 -1 2 3 -4 5 6 -7 -8 -9 10 -11 12 13 14 15 -16 17 -18 -19 20 0
uf20-0955 2126 1 2 3 4 -5 -6 7 -8 -9 -10 -11 -12 13 14 15 16 -17 18 -19 20 0
uf20-0956 399 -1 2 -3 4 -5 6 -7 -8 9 -10 11 -12 -13 14 -15 16 17 18 19 20 0
uf20-0957 786 -1 -2 3 -4 5 -6 7 -8 9 -10 -11 -12 -13 14 15 16 17 18 -19 20 0
uf20-0958 707 -1 -2 3 4 -5 6 -7 -8 -9 10 -11 -12 -13 14 15 16 -17 -18 -19 20 0
uf20-0959 2485 -1 2 -3 4 5 6 7 8 -9 -10 11 -12 13 -14 15 16 -17 18 -19 20 0
uf20-095 597 1 -2 3 -4 -5 -6 7 8 9 10 11 12 13 14 15 16 17 18 -19 20 0
uf20-0960 10 1 -2 3 4 -5 6 7 8 9 -10 -11 -12 -13 14 15 -16 -17 -18 19 -20 0
uf20-0961 1755 1 -2 -3 4 -5 6 7 8 9 -10 -11 -12 -13 -14 -15 -16 17 18 -19 -20 0
uf20-0962 8 1 2 -3 4 -5 6 -7 -8 9 -10 -11 -12 -13 14 15 -16 -17 -18 -19 20 0
uf20-0963 1321 1 -2 -3 4 5 -6 -7 8 9 -10 11 -12 13 -14 15 16 -17 18 -19 20 0
uf20-0964 3044 1 -2 -3 4 5 6 -7 8 -9 10 -11 -12 13 14 15 16 17 -18 -19 20 0
uf20-0965 2474 1 -2 -3 4 5 -6 7 8 -9 10 11 12 -13 14 15 -16 -17 18 -19 20 0
uf20-0966 1830 -1 -2 3 4 -5 -6 -7 8 9 -10 11 -12 13 14 -15 16 17 18 19 20 0
uf20-0967 985 -1 2 3 -4 5 6 7 -8 -9 -10 11 12 13 14 15 16 17 18 19 20 0
uf20-0968 2997 1 2 3 -4 5 -6 -7 -8 9 10 11 -12 -13 14 -15 16 17 18 19 -20 0
uf20-0969 709 -1 2 3 4 5 6 -7 8 -9 -10 -11 12 -13 -14 -15 -16 -17 18 19 20 0
uf20-096 8 -1 2 -3 4 -5 6 -7 8 -9 -10 11 -12 -13 -14 15 16 17 -18 -19 -20 0
uf20-0970 1466 1 -2 3 -4 5 -6 7 -8 9 -10 -11 -12 13 -14 15 16 -17 18 19 20 0
uf20-0971 13 1 -2 -3 4 5 -6 -7 8 9 10 11 12 -13 -14 -15 16 17 18 19 20 0
uf20-0972 8 1 -2 -3 -4 -5 6 -7 -8 -9 -10 -11 12 -13 14 15 16 -17 -18 19 20 0
uf20-0973 302 -1 2 -3 4 5 -6 7 -8 9 -10 -11 -12 13 14 15 16 17 -18 -19 20 0
uf20-0974 591 1 -2 -3 4 5 6 -7 -8 -9 -10 -11 -12 -13 14 15 -16 17 -18 19 20 0
uf20-0975 1340 1 -2 3 4 5 -6 -7 -8 9 10 -11 12 13 -14 -15 16 17 18 19 20 0
uf20-0976 299 -1 -2 3 -4 -5 -6 -7 8 9 -10 -11 -12 13 14 -15 16 -17 -18 19 20 0
uf20-0977 301 1 2 -3 4 5 6 7 -8 -9 -10 -11 -12 13 -14 15 -16 17 -18 -19 20 0
uf20-0978 11 1 -2 -3 4 5 -6 7 8 -9 -10 -11 12 -13 14 15 -16 17 -18 19 20 0
uf20-0979 12 1 -2 3 4 5 6 -7 -8 9 10 11 12 -13 14 -15 16 17 -18 -19 -20 0
uf20-097 1028 1 2 3 -4 5 -6 7 -8 9 10 -11 -12 -13 -14 15 16 -17 -18 -19 -20 0
uf20-0980 7 1 -2 3 -4 -5 6 -7 8 9 -10 -11 -12 -13 14 -15 16 -17 -18 -19 -20 0
uf20-0981 942 -1 2 3 -4 5 6 -7 8 -9 10 11 12 -13 -14 15 16 -17 18 -19 -20 0
uf20-0982 1466 1 -2 3 4 5 -6 -7 8 -9 10 11 -12 -13 14 -15 16 -17 18 -19 20 0
uf20-0983 1465 1 2 -3 -4 5 -6 7 -8 -9 10 -11 -12 -13 14 -15 16 17 -18 -19 20 0
uf20-0984 9 1 -2 -3 -4 5 -6 7 8 -9 -10 11 -12 13 -14 -15 -16 17 18 19 -20 0
uf20-0985 302 1 -2 3 4 5 -6 -7 -8 9 -10 11 12 -13 14 -15 -16 17 -18 19 20 0
uf20-0986 1950 1 2 -3 4 5 6 -7 -8 -9 -10 11 12 13 -14 15 -16 -17 18 -19 -20 0
uf20-0987 1464 -1 2 -3 4 5 -6 7 8 9 10 11 -12 13 -14 -15 16 -17 18 -19 -20 0
uf20-0988 1669 -1 2 3 4 5 6 -7 8 -9 10 11 12 -13 -14 15 16 17 18 19 20 0
uf20-0989 1872 -1 -2 -3 -4 5 6 7 8 -9 10 -11 -12 -13 -14 -15 -16 17 -18 19 20 0
uf20-098 2109 1 2 -3 -4 -5 -6 -7 8 9 10 11 -12 13 14 15 -16 17 -18 19 20 0
uf20-0990 693 1 -2 3 4 5 6 7 8 -9 10 11 -12 13 -14 -15 16 17 18 -19 20 0
uf20-0991 3667 1 -2 -3 -4 5 6 -7 8 -9 10 11 12 13 14 -15 16 -17 18 19 20 0
uf20-0992 590 1 -2 -3 4 -5 6 -7 -8 -9 -10 11 12 -13 -14 15 -16 -17 18 19 -20 0
uf20-0993 302 1 2 3 -4 -5 6 7 8 -9 -10 -11 12 -13 -14 -15 -16 17 18 19 20 0
uf20-0994 2463 -1 -2 3 4 5 6 7 -8 9 10 11 12 -13 -14 15 -16 17 18 19 -20 0
uf20-0995 594 -1 2 3 4 -5 6 7 -8 9 10 11 -12 -13 14 15 16 -17 18 -19 -20 0
uf20-0996 707 1 -2 -3 -4 -5 -6 -7 8 -9 10 11 -12 13 14 -15 16 -17 18 19 -20 0
uf20-0997 4881 -1 2 3 -4 5 6 7 8 -9 10 11 12 13 -14 15 16 -17 18 -19 20 0
uf20-0998 1818 -1 2 -3 4 -5 6 7 8 9 10 11 -12 13 -14 15 16 17 18 -19 20 0
uf20-0999 2468 1 -2 3 4 5 -6 7 8 9 -10 -11 12 13 -14 15 -16 17 -18 19 20 0
uf20-099 3261 1 -2 3 4 -5 -6 7 -8 -9 -10 -11 -12 -13 -14 -15 -16 17 -18 -19 20 0
uf20-09 11 -1 2 3 -4 -5 6 -7 8 -9 10 11 12 13 -14 15 16 17 -18 -19 -20 0
