uf20-01000 3200 -1 2 -3 4 5 -6 7 -8 9 -10 -11 -12 -13 -14 -15 16 17 -18 19 -20 0
uf20-0100 4900 -1 2 3 4 5 -6 7 8 9 -10 -11 12 13 14 15 16 -17 -18 19 20 0
uf20-0101 3801 1 -2 -3 4 -5 6 -7 8 -9 10 -11 -12 -13 14 15 16 17 -18 19 20 0
uf20-0102 4601 1 2 -3 4 -5 6 7 8 9 10 -11 12 13 14 15 -16 -17 -18 19 -20 0
uf20-0103 4400 -1 2 3 4 5 -6 -7 -8 9 -10 11 -12 13 -14 15 16 -17 18 19 -20 0
uf20-0104 4248 1 2 -3 4 5 6 -7 8 9 -10 11 -12 13 14 -15 16 -17 18 -19 20 0
uf20-0105 3200 -1 -2 -3 -4 -5 6 -7 8 9 -10 -11 12 -13 -14 15 -16 17 -18 19 20 0
uf20-0106 3600 -1 -2 -3 -4 5 -6 -7 8 -9 10 11 12 -13 14 -15 -16 -17 18 19 20 0
uf20-0107 4400 -1 2 3 4 -5 -6 7 -8 9 10 -11 12 -13 -14 15 -16 17 -18 19 20 0
uf20-0108 3600 1 2 -3 4 5 6 -7 8 9 -10 -11 -12 13 14 15 16 17 -18 19 -20 0
uf20-0109 3400 1 -2 3 4 5 -6 7 -8 9 -10 11 -12 -13 -14 -15 -16 17 -18 19 -20 0
uf20-010 4399 -1 -2 3 4 5 6 -7 8 9 -10 -11 12 13 14 15 16 -17 -18 19 20 0
uf20-0110 3856 1 -2 3 4 5 6 7 8 9 -10 11 -12 13 14 15 16 17 18 19 -20 0
uf20-0111 4146 1 2 3 4 5 6 7 8 9 -10 -11 12 -13 14 15 16 -17 -18 19 -20 0
uf20-0112 4859 -1 2 3 4 5 6 7 -8 -9 10 11 -12 13 14 15 16 17 -18 19 -20 0
uf20-0113 4400 1 -2 3 -4 -5 6 7 8 9 10 11 -12 -13 14 -15 -16 17 -18 19 -20 0
uf20-0114 3906 -1 2 3 4 5 6 -7 -8 -9 -10 -11 -12 13 14 15 16 -17 18 19 20 0
uf20-0115 2950 1 -2 3 -4 5 -6 -7 -8 9 10 11 -12 -13 -14 15 16 -17 18 -19 -20 0
uf20-0116 3069 -1 2 3 -4 5 -6 -7 8 9 -10 11 12 13 -14 -15 16 17 -18 -19 -20 0
uf20-0117 3800 1 -2 -3 4 -5 6 7 -8 -9 10 11 12 -13 -14 -15 -16 17 18 19 -20 0
uf20-0118 3850 1 -2 -3 4 5 -6 7 8 9 10 11 -12 13 14 -15 16 17 -18 19 -20 0
uf20-0119 2801 1 -2 3 -4 5 6 7 -8 -9 -10 -11 -12 -13 14 -15 16 -17 18 -19 -20 0
uf20-011 3668 1 2 -3 4 -5 6 -7 -8 -9 10 -11 -12 -13 14 15 16 17 18 19 20 0
uf20-0120 4258 1 -2 3 4 5 6 7 -8 -9 10 11 12 -13 -14 15 16 17 18 -19 -20 0
uf20-0121 4300 1 -2 3 -4 -5 6 7 8 9 -10 -11 12 13 -14 15 16 17 18 -19 20 0
uf20-0122 5601 1 2 3 4 5 6 7 8 9 10 -11 12 -13 14 -15 -16 17 18 19 -20 0
uf20-0123 5000 1 2 3 4 -5 -6 -7 8 9 -10 -11 12 13 14 15 -16 17 18 -19 20 0
uf20-0124 4024 1 2 3 4 5 6 7 -8 9 10 11 12 13 14 -15 -16 -17 -18 19 -20 0
uf20-0125 4400 1 2 3 4 5 6 7 -8 -9 10 11 12 13 14 -15 -16 17 -18 19 20 0
uf20-0126 2271 -1 -2 -3 -4 5 6 7 8 9 10 11 12 -13 14 -15 16 -17 -18 -19 20 0
uf20-0127 3449 1 -2 3 -4 -5 6 7 -8 9 -10 11 -12 13 14 -15 16 -17 18 -19 20 0
uf20-0128 4268 -1 -2 3 4 -5 6 7 8 -9 10 11 12 13 14 15 -16 -17 -18 -19 20 0
uf20-0129 4059 1 -2 3 4 5 6 -7 8 9 10 -11 -12 -13 14 -15 -16 17 -18 19 20 0
uf20-012 3443 1 2 -3 4 -5 6 -7 8 9 -10 -11 12 13 14 15 -16 17 -18 19 -20 0
uf20-0130 2601 1 -2 -3 -4 5 -6 -7 -8 -9 10 -11 12 -13 -14 15 16 -17 18 -19 20 0
uf20-0131 4744 1 2 3 4 5 -6 7 -8 9 10 -11 12 13 14 15 16 17 18 -19 20 0
uf20-0132 5200 1 2 3 4 5 6 -7 8 -9 10 11 12 -13 -14 -15 -16 17 18 19 -20 0
uf20-0133 4160 -1 2 3 4 -5 6 -7 -8 9 10 11 12 13 14 -15 16 17 -18 -19 20 0
uf20-0134 3855 1 2 -3 -4 5 -6 7 -8 9 10 11 12 -13 14 -15 -16 17 18 -19 20 0
uf20-0135 4600 -1 2 3 -4 -5 -6 7 -8 -9 10 11 12 13 14 -15 -16 17 18 19 20 0
uf20-0136 5534 1 -2 3 -4 5 6 7 -8 9 10 11 -12 13 14 15 16 17 -18 19 20 0
uf20-0137 1771 -1 2 3 4 -5 6 7 -8 9 10 -11 -12 13 14 -15 16 -17 18 -19 -20 0
uf20-0138 3214 -1 -2 3 4 -5 -6 7 8 -9 10 11 -12 13 -14 15 16 17 -18 19 -20 0
uf20-0139 1704 -1 2 3 -4 -5 6 7 -8 -9 -10 11 -12 -13 -14 -15 16 -17 18 19 20 0
uf20-013 1944 -1 -2 -3 -4 5 -6 7 8 9 -10 -11 12 -13 -14 -15 16 -17 -18 -19 20 0
uf20-0140 2553 -1 2 -3 -4 5 -6 7 8 9 10 -11 -12 -13 14 15 -16 -17 18 19 20 0
uf20-0141 2799 -1 2 -3 -4 -5 6 -7 -8 9 -10 -11 12 -13 14 15 -16 17 -18 19 20 0
uf20-0142 3089 1 2 -3 -4 -5 -6 7 8 -9 -10 11 12 13 14 15 -16 17 -18 19 20 0
uf20-0143 3205 -1 2 3 4 5 6 7 8 -9 10 11 12 -13 14 15 16 -17 -18 19 -20 0
uf20-0144 1873 -1 -2 3 -4 -5 -6 -7 -8 9 -10 11 12 13 -14 -15 16 17 18 -19 20 0
uf20-0145 3111 1 2 3 -4 5 -6 -7 8 9 10 -11 12 13 -14 15 16 17 -18 -19 -20 0
uf20-0146 2931 -1 -2 -3 4 5 6 7 -8 -9 10 11 -12 13 -14 15 -16 -17 18 19 20 0
uf20-0147 3577 1 2 3 -4 5 -6 7 8 -9 10 -11 -12 13 14 15 16 -17 18 -19 -20 0
uf20-0148 3213 1 -2 3 -4 5 -6 7 8 -9 10 11 -12 -13 -14 15 -16 17 18 19 20 0
uf20-0149 2333 -1 -2 -3 4 5 6 -7 -8 9 -10 -11 12 -13 -14 15 16 17 -18 19 -20 0
uf20-014 3266 1 2 3 4 5 6 -7 -8 -9 10 11 12 13 -14 -15 -16 -17 18 19 -20 0
uf20-0150 2521 1 2 3 4 -5 -6 -7 8 -9 -10 -11 -12 -13 14 15 16 -17 18 19 -20 0
uf20-0151 3834 1 2 -3 4 5 6 7 8 9 10 11 -12 13 -14 15 16 -17 18 -19 20 0
uf20-0152 2140 -1 2 3 -4 5 6 7 8 -9 -10 -11 12 -13 14 -15 16 17 -18 -19 -20 0
uf20-0153 2828 1 2 -3 -4 -5 6 7 8 9 10 11 -12 13 14 15 -16 17 18 -19 -20 0
uf20-0154 4043 1 -2 3 -4 5 6 7 8 9 10 -11 12 13 14 -15 -16 17 18 -19 -20 0
uf20-0155 3302 1 2 3 4 -5 6 -7 8 9 10 11 -12 -13 14 15 16 -17 18 -19 20 0
uf20-0156 1982 -1 -2 3 4 5 6 7 -8 9 -10 -11 -12 -13 -14 15 -16 -17 18 -19 20 0
uf20-0157 2125 -1 2 3 4 -5 -6 -7 -8 9 10 -11 12 -13 14 -15 16 -17 -18 -19 -20 0
uf20-0158 2310 -1 2 -3 4 5 6 -7 -8 9 -10 -11 12 13 14 -15 16 17 18 19 20 0
uf20-0159 2932 -1 2 -3 4 5 -6 7 -8 9 10 -11 -12 13 14 -15 16 17 -18 -19 20 0
uf20-015 2052 -1 -2 -3 4 5 6 7 -8 9 10 11 -12 13 14 15 16 -17 18 -19 -20 0
uf20-0160 3733 1 2 -3 4 5 6 7 8 -9 -10 11 -12 13 -14 -15 16 17 18 -19 20 0
uf20-0161 3330 1 2 -3 4 5 6 7 8 -9 10 -11 12 13 -14 15 16 -17 18 -19 -20 0
uf20-0162 3149 1 2 -3 -4 5 6 7 -8 9 10 -11 12 -13 14 15 16 17 -18 19 -20 0
uf20-0163 3236 1 2 3 -4 -5 6 -7 -8 9 -10 -11 12 13 14 15 -16 17 18 19 20 0
uf20-0164 2337 1 -2 3 -4 -5 6 7 8 9 -10 11 12 13 -14 -15 -16 17 -18 -19 20 0
uf20-0165 3654 1 2 3 -4 5 -6 -7 8 9 10 11 -12 13 14 15 -16 17 18 19 20 0
uf20-0166 3733 1 2 3 4 -5 6 7 -8 -9 10 -11 12 -13 -14 -15 16 17 18 19 20 0
uf20-0167 2644 -1 -2 3 -4 -5 -6 -7 8 9 10 11 12 13 14 15 -16 -17 -18 -19 -20 0
uf20-0168 2721 1 -2 3 -4 5 6 -7 -8 -9 10 11 -12 -13 -14 -15 16 17 18 19 -20 0
uf20-0169 3069 -1 -2 3 4 5 6 -7 8 9 10 11 -12 13 -14 -15 16 17 18 -19 -20 0
uf20-016 3236 -1 2 -3 4 -5 6 -7 8 9 -10 11 12 13 14 15 -16 -17 18 -19 20 0
uf20-0170 3733 -1 2 3 4 5 -6 7 8 9 -10 11 12 13 14 -15 16 17 -18 19 -20 0
uf20-0171 3251 -1 2 -3 4 5 6 7 -8 9 -10 11 12 13 -14 -15 16 -17 18 -19 20 0
uf20-0172 2488 -1 -2 -3 -4 -5 -6 -7 -8 9 -10 11 12 -13 -14 15 16 -17 18 19 20 0
uf20-0173 2124 1 -2 -3 4 -5 6 7 8 -9 -10 -11 -12 13 14 15 -16 -17 18 -19 20 0
uf20-0174 3576 1 -2 3 4 5 6 -7 8 -9 10 -11 12 13 -14 -15 -16 17 18 19 20 0
uf20-0175 2987 1 2 -3 -4 -5 6 -7 8 9 10 -11 12 13 14 -15 16 -17 18 -19 -20 0
uf20-0176 1866 -1 -2 -3 4 -5 6 -7 -8 -9 -10 -11 12 -13 -14 -15 -16 17 18 -19 20 0
uf20-0177 3110 -1 -2 -3 4 -5 6 7 -8 9 -10 11 -12 -13 14 -15 16 17 18 19 20 0
uf20-0178 2334 -1 2 -3 -4 5 -6 -7 8 9 -10 11 12 -13 -14 15 -16 -17 -18 19 20 0
uf20-0179 3628 1 -2 -3 4 5 6 7 8 9 10 -11 -12 13 -14 15 -16 17 18 -19 20 0
uf20-017 3810 1 -2 3 4 -5 -6 -7 8 9 10 11 12 -13 -14 15 16 17 18 19 20 0
uf20-0180 3577 1 2 3 4 -5 -6 7 8 9 10 11 12 -13 -14 15 -16 -17 -18 -19 20 0
uf20-0181 3213 -1 2 -3 4 -5 6 7 8 9 -10 -11 12 13 14 15 16 -17 -18 19 20 0
uf20-0182 2574 -1 2 3 4 5 6 -7 -8 9 -10 11 -12 -13 14 15 -16 -17 -18 19 -20 0
uf20-0183 2695 1 -2 3 4 -5 6 -7 8 -9 -10 -11 -12 -13 14 -15 16 -17 18 19 20 0
uf20-0184 2863 -1 2 3 -4 5 6 7 -8 9 10 11 -12 -13 14 15 16 -17 -18 -19 -20 0
uf20-0185 3421 -1 -2 -3 4 5 6 7 8 -9 -10 11 -12 -13 14 15 16 17 -18 19 -20 0
uf20-0186 3680 -1 2 3 -4 5 6 7 8 9 10 -11 12 -13 14 15 16 17 18 -19 -20 0
uf20-0187 1662 -1 2 -3 -4 -5 6 -7 -8 -9 -10 11 -12 -13 14 15 -16 17 18 19 20 0
uf20-0188 2644 -1 -2 3 4 5 6 -7 -8 9 -10 11 12 13 14 15 -16 -17 -18 19 -20 0
uf20-0189 1998 1 -2 3 4 -5 -6 7 -8 9 -10 11 -12 13 -14 15 -16 17 18 19 20 0
uf20-018 4043 -1 2 3 -4 5 -6 -7 8 9 -10 -11 12 13 14 15 16 -17 18 19 20 0
uf20-0190 3135 1 -2 3 4 -5 -6 7 8 -9 10 -11 12 13 14 15 16 17 -18 19 20 0
uf20-0191 3266 -1 2 3 -4 -5 -6 7 -8 9 10 -11 -12 -13 14 15 16 17 -18 19 20 0
uf20-0192 2022 -1 -2 -3 -4 5 -6 -7 8 -9 -10 -11 -12 -13 -14 15 16 17 18 -19 20 0
uf20-0193 2955 -1 -2 -3 4 -5 -6 -7 8 -9 -10 11 12 -13 14 15 16 17 18 -19 20 0
uf20-0194 2777 -1 -2 -3 -4 5 6 7 -8 9 -10 -11 -12 13 14 15 16 -17 18 19 20 0
uf20-0195 3566 1 -2 3 4 5 -6 7 8 9 10 -11 -12 13 14 15 16 -17 18 -19 20 0
uf20-0196 2722 1 2 3 -4 -5 -6 -7 -8 9 -10 -11 12 13 14 15 16 -17 -18 19 20 0
uf20-0197 3732 1 2 -3 -4 5 -6 7 8 -9 10 -11 -12 13 14 15 -16 17 -18 19 20 0
uf20-0198 3110 1 -2 -3 4 5 -6 7 8 -9 10 -11 12 13 -14 -15 16 17 -18 19 -20 0
uf20-0199 3578 -1 2 -3 -4 -5 6 7 8 9 10 11 -12 -13 14 15 16 17 -18 19 20 0
uf20-019 3266 -1 -2 3 4 5 -6 -7 8 9 -10 11 12 13 14 -15 -16 -17 18 19 -20 0
uf20-01 2293 1 -2 -3 4 -5 6 -7 -8 -9 10 -11 -12 13 14 15 -16 17 -18 -19 20 0
uf20-0200 2179 1 -2 3 -4 5 -6 7 -8 9 -10 -11 -12 13 -14 15 16 17 18 -19 20 0
uf20-0201 2644 -1 -2 3 4 5 -6 7 -8 9 10 11 -12 13 -14 -15 -16 17 18 -19 -20 0
uf20-0202 2739 -1 -2 3 -4 5 -6 7 -8 9 10 11 12 -13 14 15 -16 -17 -18 19 20 0
uf20-0203 2644 1 -2 -3 -4 -5 6 -7 8 9 -10 11 12 -13 -14 15 -16 17 -18 19 -20 0
uf20-0204 2798 -1 2 3 4 5 6 7 8 9 10 -11 -12 13 -14 -15 -16 -17 18 19 -20 0
uf20-0205 2799 -1 2 3 -4 -5 -6 7 8 9 -10 11 12 13 -14 -15 16 17 18 -19 -20 0
uf20-0206 4009 1 2 3 4 5 6 7 -8 -9 10 11 12 13 14 15 -16 17 18 -19 -20 0
uf20-0207 2955 1 -2 -3 -4 -5 -6 7 8 9 10 -11 12 13 14 -15 -16 17 -18 19 -20 0
uf20-0208 2930 1 2 -3 4 5 6 -7 8 9 -10 11 12 -13 -14 -15 16 17 18 -19 20 0
uf20-0209 3266 1 2 3 -4 -5 -6 7 -8 9 -10 11 12 13 14 -15 -16 -17 18 19 -20 0
uf20-020 2486 1 2 -3 4 -5 6 -7 -8 -9 -10 11 -12 -13 -14 15 16 17 18 -19 20 0
uf20-0210 1588 -1 -2 -3 4 5 -6 7 -8 -9 -10 -11 12 13 14 -15 16 17 18 19 -20 0
uf20-0211 3237 1 2 -3 4 -5 -6 7 8 -9 -10 11 12 13 -14 15 16 17 -18 19 20 0
uf20-0212 2192 1 2 3 4 -5 6 -7 8 -9 10 -11 -12 13 14 -15 -16 17 18 -19 -20 0
uf20-0213 2676 1 2 3 -4 5 6 -7 -8 9 -10 11 -12 -13 -14 15 -16 17 18 -19 -20 0
uf20-0214 4354 1 2 -3 4 5 6 -7 -8 9 10 11 -12 13 14 15 -16 17 18 -19 20 0
uf20-0215 3029 1 2 3 4 5 6 7 -8 -9 10 11 12 13 -14 15 16 -17 18 19 20 0
uf20-0216 3733 1 -2 3 4 -5 -6 7 8 9 10 -11 12 13 14 -15 -16 17 18 19 -20 0
uf20-0217 3553 -1 -2 -3 -4 5 6 7 8 9 -10 11 12 -13 14 15 16 -17 18 19 20 0
uf20-0218 3210 -1 2 -3 -4 5 6 7 8 9 10 11 12 13 14 -15 -16 17 18 -19 20 0
uf20-0219 2488 1 2 3 4 -5 6 -7 -8 -9 10 -11 -12 -13 14 -15 -16 17 -18 -19 -20 0
uf20-021 2801 1 2 3 -4 -5 6 -7 8 -9 -10 11 12 13 14 15 -16 -17 18 -19 -20 0
uf20-0220 2667 1 -2 3 4 -5 6 7 8 -9 10 -11 12 13 14 15 -16 17 -18 -19 -20 0
uf20-0221 4275 -1 2 3 4 -5 -6 7 8 9 -10 11 12 13 14 15 16 -17 18 19 20 0
uf20-0222 3420 1 -2 -3 4 5 6 -7 -8 9 -10 11 12 13 14 15 16 -17 18 -19 20 0
uf20-0223 3318 -1 2 3 -4 5 6 7 8 9 -10 -11 -12 -13 14 -15 16 17 18 -19 20 0
uf20-0224 2333 -1 2 -3 -4 5 6 7 -8 -9 -10 -11 12 -13 -14 15 -16 -17 -18 19 20 0
uf20-0225 1244 1 -2 -3 4 -5 -6 7 -8 -9 -10 -11 -12 -13 14 -15 -16 -17 -18 19 -20 0
uf20-0226 2333 -1 2 3 4 5 6 7 8 9 10 -11 12 13 14 -15 -16 17 -18 19 -20 0
uf20-0227 3246 1 2 3 -4 5 6 7 8 9 -10 -11 12 13 14 -15 16 17 -18 19 20 0
uf20-0228 3420 1 -2 -3 4 5 6 -7 8 -9 10 11 -12 -13 -14 15 16 17 18 19 -20 0
uf20-0229 3485 1 2 -3 4 5 6 7 -8 9 -10 -11 -12 13 14 15 -16 17 -18 19 20 0
uf20-022 2179 -1 2 -3 4 -5 -6 7 -8 9 -10 11 12 13 -14 -15 16 -17 -18 19 -20 0
uf20-0230 2676 1 2 -3 4 -5 6 7 8 9 -10 11 12 13 -14 15 16 -17 18 -19 20 0
uf20-0231 3421 -1 -2 -3 4 -5 6 -7 8 9 -10 11 12 -13 14 -15 16 17 -18 19 20 0
uf20-0232 3577 1 -2 -3 4 5 -6 7 8 -9 10 11 -12 13 -14 15 16 -17 18 19 -20 0
uf20-0233 3287 1 -2 3 4 5 -6 7 -8 9 -10 11 -12 -13 14 15 -16 17 18 19 -20 0
uf20-0234 3525 1 -2 3 4 5 6 -7 -8 9 -10 11 12 -13 14 -15 16 17 18 -19 20 0
uf20-0235 3905 1 2 3 4 5 -6 7 8 -9 10 11 12 13 14 -15 -16 -17 18 19 20 0
uf20-0236 4199 1 2 3 -4 -5 6 -7 8 9 -10 11 12 13 14 -15 16 17 -18 19 20 0
uf20-0237 2535 1 -2 -3 4 5 6 7 -8 -9 -10 11 -12 13 14 15 -16 -17 18 -19 20 0
uf20-0238 2489 1 2 3 4 -5 -6 -7 8 9 10 -11 -12 -13 -14 15 -16 17 -18 -19 -20 0
uf20-0239 2179 -1 2 3 4 5 -6 7 -8 -9 10 -11 12 13 14 15 16 -17 18 -19 -20 0
uf20-023 2255 -1 -2 3 4 -5 6 7 8 -9 10 -11 12 -13 -14 -15 16 17 18 -19 -20 0
uf20-0240 3369 -1 2 3 4 5 -6 7 8 9 -10 -11 -12 -13 14 -15 16 17 18 -19 20 0
uf20-0241 2290 -1 -2 -3 4 -5 -6 7 -8 -9 10 11 -12 -13 -14 15 -16 17 18 19 20 0
uf20-0242 3383 1 2 3 -4 -5 6 7 -8 -9 -10 -11 12 13 14 15 16 17 18 19 -20 0
uf20-0243 2126 -1 -2 -3 -4 -5 6 -7 8 -9 -10 11 -12 -13 14 15 16 17 -18 19 20 0
uf20-0244 3110 -1 -2 3 -4 -5 6 7 8 9 10 11 -12 -13 14 15 -16 17 18 -19 -20 0
uf20-0245 1711 1 -2 -3 -4 -5 -6 7 -8 -9 -10 11 12 -13 14 -15 -16 -17 -18 19 -20 0
uf20-0246 2716 1 2 -3 -4 -5 6 -7 8 9 10 -11 12 13 -14 -15 -16 17 18 19 20 0
uf20-0247 4043 1 -2 3 -4 5 -6 7 -8 -9 10 -11 12 13 14 15 16 17 18 -19 20 0
uf20-0248 4043 1 -2 3 -4 -5 6 7 8 9 10 11 -12 13 -14 15 -16 17 -18 19 20 0
uf20-0249 3672 -1 2 -3 -4 5 6 -7 8 -9 10 11 12 13 14 15 16 -17 18 19 20 0
uf20-024 2958 -1 -2 3 -4 -5 6 -7 8 9 10 11 -12 13 -14 15 16 17 18 19 20 0
uf20-0250 3390 -1 2 3 4 -5 -6 7 8 9 10 -11 12 13 14 15 16 17 -18 -19 20 0
uf20-0251 4146 1 -2 -3 4 5 6 7 8 -9 10 11 12 13 -14 -15 16 17 18 19 -20 0
uf20-0252 3196 1 2 3 -4 5 6 7 8 9 10 11 -12 13 -14 -15 -16 -17 18 -19 20 0
uf20-0253 3835 1 2 -3 4 5 6 -7 8 -9 -10 -11 12 -13 14 15 -16 17 18 19 20 0
uf20-0254 3421 -1 -2 3 4 5 -6 7 8 9 -10 -11 12 -13 14 15 16 -17 18 19 20 0
uf20-0255 3032 1 -2 -3 4 5 6 -7 -8 -9 -10 -11 12 13 14 15 16 -17 18 19 -20 0
uf20-0256 2975 1 -2 -3 4 5 6 -7 8 9 -10 11 12 -13 14 15 16 17 -18 -19 20 0
uf20-0257 2334 1 -2 -3 -4 5 -6 7 -8 -9 10 11 12 -13 -14 -15 -16 17 18 19 -20 0
uf20-0258 2206 1 -2 -3 4 5 -6 7 8 -9 -10 -11 12 13 14 -15 16 -17 -18 -19 20 0
uf20-0259 3753 1 2 -3 -4 5 6 7 8 9 10 11 12 13 14 15 -16 -17 18 -19 -20 0
uf20-025 4976 1 2 3 4 5 -6 7 -8 9 10 11 -12 -13 14 15 16 17 18 19 20 0
uf20-0260 1866 1 -2 3 -4 -5 -6 7 -8 9 -10 -11 12 -13 -14 15 -16 -17 -18 -19 -20 0
uf20-0261 3110 -1 -2 -3 4 5 -6 7 -8 9 10 -11 -12 13 -14 15 16 -17 18 19 20 0
uf20-0262 2644 1 -2 -3 4 -5 -6 -7 -8 9 -10 -11 12 -13 -14 15 16 17 18 -19 20 0
uf20-0263 2279 -1 -2 3 -4 -5 -6 -7 8 -9 -10 11 12 -13 14 -15 16 17 18 19 20 0
uf20-0264 3835 1 2 -3 4 -5 6 7 8 9 10 -11 -12 13 14 15 -16 -17 18 -19 20 0
uf20-0265 4125 1 2 3 4 5 6 7 -8 9 -10 11 12 13 14 15 -16 17 18 19 20 0
uf20-0266 3213 1 2 3 4 -5 -6 -7 8 9 10 11 -12 13 -14 -15 16 17 -18 19 -20 0
uf20-0267 3420 1 2 -3 -4 -5 -6 7 -8 9 -10 11 12 13 14 -15 16 17 18 19 20 0
uf20-0268 5916 1 2 3 -4 5 6 7 8 -9 -10 11 12 13 14 15 16 17 -18 -19 -20 0
uf20-0269 4750 1 -2 3 4 5 -6 -7 8 9 10 -11 12 13 -14 -15 16 17 18 19 20 0
uf20-026 5450 1 2 3 4 5 6 -7 -8 9 10 -11 -12 -13 14 -15 16 -17 -18 19 -20 0
uf20-0270 7266 1 -2 3 4 5 6 7 -8 9 -10 11 12 -13 -14 15 16 -17 18 19 20 0
uf20-0271 4054 1 -2 3 4 -5 -6 7 8 9 10 -11 12 -13 14 15 -16 17 18 -19 -20 0
uf20-0272 4229 1 -2 -3 4 -5 -6 7 -8 -9 10 11 12 13 14 -15 -16 17 18 19 20 0
uf20-0273 4601 1 2 3 -4 5 6 7 8 -9 10 11 -12 13 14 -15 -16 17 -18 -19 20 0
uf20-0274 5709 -1 2 3 4 -5 6 7 8 -9 -10 11 -12 13 -14 15 16 -17 -18 19 20 0
uf20-0275 3797 1 -2 3 -4 5 6 7 8 -9 -10 11 12 13 14 15 16 -17 18 -19 -20 0
uf20-0276 4911 -1 -2 -3 4 -5 6 7 -8 9 10 11 -12 13 14 15 -16 17 18 19 -20 0
uf20-0277 4711 1 2 3 -4 -5 6 7 -8 -9 10 11 -12 -13 -14 -15 -16 17 18 19 20 0
uf20-0278 1817 -1 -2 -3 -4 -5 -6 -7 -8 -9 -10 -11 12 -13 14 15 16 -17 -18 -19 -20 0
uf20-0279 6920 1 2 3 4 -5 6 7 8 9 -10 11 -12 13 14 15 -16 17 18 19 -20 0
uf20-027 5420 -1 2 3 -4 5 6 7 -8 9 10 11 12 -13 14 15 -16 -17 18 -19 20 0
uf20-0280 4498 -1 2 3 -4 -5 -6 7 8 -9 10 11 12 -13 14 15 -16 17 18 19 20 0
uf20-0281 5518 1 2 3 4 -5 6 -7 -8 9 10 11 -12 13 14 15 16 17 18 19 -20 0
uf20-0282 4931 -1 2 3 4 5 -6 7 8 9 -10 -11 -12 -13 -14 15 -16 17 18 19 -20 0
uf20-0283 5188 1 2 3 -4 -5 -6 7 -8 9 10 11 12 13 14 15 16 17 18 -19 20 0
uf20-0284 4239 1 2 -3 4 -5 6 7 -8 -9 -10 11 12 13 14 -15 -16 17 -18 19 -20 0
uf20-0285 4152 1 -2 3 -4 5 6 -7 -8 -9 -10 -11 12 -13 14 15 -16 17 -18 19 -20 0
uf20-0286 5969 1 2 -3 -4 5 6 7 -8 -9 -10 11 12 13 14 -15 16 17 -18 -19 20 0
uf20-0287 5450 1 2 3 -4 5 -6 7 8 -9 10 -11 -12 13 14 -15 -16 -17 18 -19 20 0
uf20-0288 4585 -1 -2 -3 -4 -5 6 7 8 9 -10 11 -12 -13 14 15 16 17 18 -19 -20 0
uf20-0289 5882 1 2 3 -4 5 6 -7 -8 9 10 -11 12 13 -14 -15 16 17 18 -19 -20 0
uf20-028 4585 1 -2 -3 4 5 -6 7 8 9 10 -11 -12 13 -14 -15 -16 17 -18 -19 20 0
uf20-0290 4671 -1 2 -3 -4 -5 6 -7 -8 -9 10 11 12 13 -14 15 -16 -17 18 19 -20 0
uf20-0291 7266 1 2 3 -4 5 6 7 -8 9 10 11 12 -13 14 15 16 17 18 -19 20 0
uf20-0292 5123 -1 -2 -3 -4 5 6 7 8 9 -10 11 12 13 14 15 16 -17 -18 -19 20 0
uf20-0293 5999 -1 2 -3 4 5 6 -7 8 9 10 11 -12 -13 14 15 16 17 -18 19 20 0
uf20-0294 5191 1 -2 3 4 -5 -6 -7 8 9 10 -11 12 -13 -14 15 16 17 -18 -19 20 0
uf20-0295 5450 1 2 3 -4 5 -6 7 -8 -9 10 11 -12 13 14 -15 -16 -17 -18 19 20 0
uf20-0296 3769 -1 2 3 4 -5 6 -7 -8 -9 10 11 12 -13 -14 -15 16 17 18 -19 -20 0
uf20-0297 4048 1 2 -3 4 5 -6 7 8 -9 -10 -11 12 -13 14 -15 -16 -17 -18 19 -20 0
uf20-0298 5276 1 -2 -3 -4 5 6 7 -8 9 10 -11 -12 -13 -14 15 16 17 18 19 20 0
uf20-0299 3424 1 -2 -3 4 -5 6 -7 -8 -9 -10 -11 -12 13 14 15 16 -17 -18 -19 20 0
uf20-029 1557 -1 -2 -3 -4 -5 -6 -7 -8 -9 -10 -11 -12 -13 -14 15 -16 -17 -18 19 20 0
uf20-02 3972 1 -2 -3 -4 5 6 7 8 9 -10 -11 12 -13 14 15 16 -17 -18 19 -20 0
uf20-0300 4413 -1 2 3 4 5 -6 7 8 9 -10 -11 12 13 14 -15 -16 -17 -18 19 -20 0
uf20-0301 4152 -1 2 -3 -4 -5 -6 7 -8 9 10 11 -12 -13 14 -15 -16 -17 18 -19 20 0
uf20-0302 4996 -1 2 -3 4 -5 -6 7 8 -9 10 11 12 -13 14 -15 -16 17 18 19 -20 0
uf20-0303 5190 1 -2 -3 4 -5 -6 -7 -8 9 10 11 12 13 14 -15 -16 17 -18 19 20 0
uf20-0304 5191 -1 -2 -3 4 -5 6 -7 8 9 10 -11 12 13 -14 15 16 17 18 19 -20 0
uf20-0305 5222 1 2 3 -4 -5 -6 7 8 -9 10 11 -12 13 -14 15 16 17 -18 -19 20 0
uf20-0306 3052 -1 2 -3 4 -5 -6 -7 8 -9 -10 11 -12 -13 -14 15 16 17 -18 -19 20 0
uf20-0307 4266 1 2 -3 -4 5 -6 7 8 9 10 11 -12 13 -14 -15 16 -17 -18 -19 20 0
uf20-0308 6099 1 -2 3 -4 5 6 7 8 9 10 -11 -12 13 -14 15 16 17 -18 -19 20 0
uf20-0309 4122 1 -2 3 4 -5 -6 7 -8 9 -10 11 -12 13 -14 15 16 17 18 -19 20 0
uf20-030 5830 1 2 3 4 -5 6 7 8 9 -10 -11 -12 13 -14 15 16 17 -18 19 20 0
uf20-0310 5363 1 2 3 4 5 -6 7 -8 -9 10 11 -12 13 14 -15 16 -17 -18 -19 -20 0
uf20-0311 6330 -1 2 3 4 -5 -6 7 -8 9 10 11 12 13 14 -15 16 17 18 19 20 0
uf20-0312 3633 -1 -2 -3 -4 5 -6 -7 -8 9 10 11 -12 -13 14 -15 16 17 -18 -19 -20 0
uf20-0313 5190 -1 2 3 4 5 6 7 -8 -9 -10 11 -12 13 -14 -15 16 17 -18 -19 20 0
uf20-0314 5150 1 -2 -3 4 5 6 7 -8 -9 -10 11 -12 13 14 15 16 17 18 -19 20 0
uf20-0315 4859 1 -2 3 4 -5 -6 7 -8 -9 10 11 12 -13 14 -15 16 -17 18 -19 20 0
uf20-0316 4152 1 2 3 -4 -5 -6 -7 8 -9 10 -11 -12 -13 14 -15 16 -17 18 19 -20 0
uf20-0317 3460 1 -2 3 -4 -5 -6 7 -8 9 10 -11 -12 13 14 -15 16 17 18 -19 -20 0
uf20-0318 5797 1 2 -3 4 -5 6 -7 -8 9 10 11 12 13 14 -15 16 17 -18 19 20 0
uf20-0319 4980 1 2 3 -4 5 6 7 -8 9 10 -11 12 13 14 -15 -16 17 18 -19 20 0
uf20-031 5190 1 2 3 -4 -5 6 -7 8 9 10 11 -12 -13 -14 -15 16 17 -18 -19 -20 0
uf20-0320 6176 1 -2 -3 4 5 6 7 -8 9 10 11 -12 -13 -14 15 16 17 18 19 20 0
uf20-0321 4801 -1 -2 -3 4 5 6 -7 -8 9 -10 -11 12 13 14 15 16 17 -18 -19 -20 0
uf20-0322 5709 -1 2 3 -4 5 6 -7 8 9 10 11 -12 -13 14 -15 16 -17 18 -19 -20 0
uf20-0323 5279 -1 2 3 -4 5 -6 7 8 9 10 -11 -12 13 14 15 16 17 -18 19 20 0
uf20-0324 5363 1 2 3 -4 5 -6 7 -8 -9 10 11 -12 13 -14 15 -16 -17 18 19 -20 0
uf20-0325 6921 -1 2 3 -4 5 6 7 8 9 10 -11 12 13 -14 15 16 -17 18 19 20 0
uf20-0326 4282 -1 2 3 -4 5 6 -7 8 -9 -10 11 -12 -13 14 -15 -16 -17 -18 19 20 0
uf20-0327 5121 1 -2 -3 4 5 6 7 8 9 10 11 -12 13 -14 -15 16 -17 18 -19 -20 0
uf20-0328 3114 -1 2 -3 -4 5 -6 -7 -8 -9 -10 11 -12 -13 -14 15 16 17 -18 -19 -20 0
uf20-0329 4325 -1 -2 3 -4 -5 6 7 -8 9 -10 11 -12 -13 14 15 -16 -17 -18 19 20 0
uf20-032 4671 1 2 -3 4 5 -6 -7 8 -9 -10 -11 -12 13 14 -15 -16 17 -18 -19 20 0
uf20-0330 2855 -1 -2 -3 -4 -5 6 7 -8 -9 -10 11 -12 -13 14 -15 16 -17 -18 -19 20 0
uf20-0331 4844 1 2 -3 4 5 -6 7 -8 9 10 11 -12 13 -14 15 -16 -17 -18 19 -20 0
uf20-0332 3244 1 -2 -3 -4 5 6 -7 -8 -9 -10 -11 12 -13 14 -15 16 -17 18 -19 -20 0
uf20-0333 5709 1 -2 3 4 5 6 -7 8 9 -10 11 -12 -13 -14 15 16 -17 -18 -19 20 0
uf20-0334 3492 -1 2 -3 4 -5 6 -7 -8 9 -10 11 12 13 14 -15 -16 -17 -18 -19 20 0
uf20-0335 4281 -1 -2 -3 4 5 6 7 8 9 10 -11 -12 -13 14 -15 -16 17 -18 19 20 0
uf20-0336 3633 1 -2 -3 -4 -5 -6 -7 -8 -9 10 11 -12 13 -14 15 -16 -17 -18 19 20 0
uf20-0337 5969 1 2 3 -4 -5 6 7 -8 9 -10 -11 -12 13 14 15 16 17 -18 19 20 0
uf20-0338 3806 1 2 -3 4 5 6 7 -8 9 10 -11 -12 -13 -14 -15 -16 17 -18 -19 -20 0
uf20-0339 5189 -1 2 -3 4 -5 6 7 -8 9 -10 -11 -12 13 14 15 16 -17 18 19 20 0
uf20-033 3208 -1 -2 -3 4 -5 -6 7 -8 -9 10 11 -12 13 14 15 16 -17 -18 -19 -20 0
uf20-0340 3905 -1 -2 3 -4 -5 -6 7 8 9 -10 -11 12 13 -14 -15 16 17 -18 19 20 0
uf20-0341 7105 1 2 3 4 5 6 7 8 9 10 11 12 13 14 -15 16 -17 18 19 20 0
uf20-0342 3634 -1 2 -3 -4 -5 -6 -7 8 -9 10 11 12 -13 -14 -15 16 -17 18 19 -20 0
uf20-0343 5450 -1 -2 -3 -4 5 -6 7 8 -9 10 -11 12 13 -14 15 -16 17 18 19 20 0
uf20-0344 6401 1 2 3 4 5 -6 -7 -8 9 10 11 12 13 -14 -15 -16 17 18 -19 20 0
uf20-0345 4154 -1 -2 3 4 -5 6 7 -8 9 10 -11 -12 13 -14 -15 16 17 -18 19 -20 0
uf20-0346 3460 1 2 -3 -4 5 6 -7 8 9 -10 -11 -12 -13 -14 -15 16 -17 18 -19 -20 0
uf20-0347 5761 1 2 3 -4 -5 6 7 8 9 -10 11 -12 -13 14 15 16 -17 -18 19 20 0
uf20-0348 7526 -1 2 3 4 5 -6 -7 8 9 10 -11 12 13 -14 15 16 17 18 19 20 0
uf20-0349 4348 1 -2 -3 -4 5 6 -7 8 9 10 11 12 -13 -14 15 -16 17 -18 19 20 0
uf20-034 4841 1 2 -3 -4 5 -6 7 8 -9 10 11 12 13 -14 15 16 -17 18 19 -20 0
uf20-0350 3114 1 -2 -3 4 -5 -6 -7 -8 -9 -10 -11 12 13 14 15 -16 -17 18 -19 -20 0
uf20-0351 6488 1 2 3 4 5 -6 7 8 9 -10 -11 12 13 -14 15 16 -17 18 19 -20 0
uf20-0352 5622 -1 2 -3 4 5 6 -7 8 -9 -10 -11 12 13 14 15 16 17 -18 -19 20 0
uf20-0353 5617 -1 2 3 -4 5 -6 -7 8 9 10 11 -12 -13 14 15 16 -17 18 19 20 0
uf20-0354 4152 1 2 -3 -4 -5 6 7 8 -9 -10 11 12 -13 14 -15 16 -17 -18 -19 -20 0
uf20-0355 6488 1 -2 3 4 5 6 7 8 -9 -10 11 12 13 -14 15 16 -17 18 -19 20 0
uf20-0356 4152 1 2 -3 -4 5 6 7 8 -9 -10 -11 -12 -13 -14 15 16 -17 18 -19 -20 0
uf20-0357 4931 -1 -2 3 -4 -5 6 -7 -8 -9 10 11 12 13 -14 -15 -16 17 18 19 20 0
uf20-0358 5308 1 2 3 4 5 6 -7 -8 9 -10 11 12 -13 14 -15 16 -17 18 19 20 0
uf20-0359 4262 1 2 -3 4 5 -6 7 8 -9 10 -11 12 13 -14 -15 16 -17 -18 19 -20 0
uf20-035 5085 1 2 3 -4 5 6 -7 -8 9 10 11 -12 -13 -14 -15 16 17 18 19 -20 0
uf20-0360 5552 1 2 3 4 5 6 -7 8 9 10 11 -12 -13 -14 15 16 -17 -18 19 20 0
uf20-0361 4325 -1 -2 3 4 5 -6 -7 8 -9 -10 -11 -12 13 14 15 -16 17 -18 19 20 0
uf20-0362 4599 1 2 3 -4 5 6 7 -8 9 -10 -11 12 13 -14 -15 -16 -17 -18 19 20 0
uf20-0363 4843 1 2 -3 4 5 -6 7 8 9 10 11 12 13 14 15 16 -17 -18 19 20 0
uf20-0364 5191 1 2 3 -4 5 6 -7 8 -9 10 -11 -12 13 -14 15 -16 17 -18 19 -20 0
uf20-0365 5515 -1 -2 -3 -4 5 6 7 8 -9 10 11 12 13 14 15 -16 -17 18 19 20 0
uf20-0366 4412 1 2 -3 -4 -5 -6 7 8 9 -10 -11 -12 -13 14 -15 16 17 18 19 -20 0
uf20-0367 3115 1 2 -3 -4 -5 -6 -7 8 -9 -10 11 12 -13 14 -15 -16 -17 18 -19 -20 0
uf20-0368 4498 -1 -2 3 -4 5 -6 7 -8 9 10 11 12 -13 14 -15 16 17 -18 19 -20 0
uf20-0369 4325 -1 2 3 -4 -5 -6 7 8 -9 10 -11 -12 -13 -14 -15 -16 17 18 19 20 0
uf20-036 5062 -1 -2 3 -4 5 6 -7 8 9 10 -11 -12 13 14 15 16 17 18 -19 20 0
uf20-0370 4326 1 2 3 4 -5 -6 -7 -8 9 10 -11 -12 -13 14 -15 16 17 18 -19 -20 0
uf20-0371 3893 1 2 -3 -4 5 6 7 -8 9 10 -11 12 -13 14 15 16 -17 -18 -19 20 0
uf20-0372 5121 1 2 -3 4 5 -6 -7 -8 9 -10 -11 12 13 14 15 -16 17 18 19 20 0
uf20-0373 4488 1 2 3 4 -5 -6 -7 8 9 10 -11 12 13 14 -15 -16 -17 -18 -19 20 0
uf20-0374 4931 1 -2 -3 -4 5 6 7 8 -9 10 11 -12 -13 -14 -15 16 -17 18 -19 20 0
uf20-0375 3729 1 -2 -3 4 5 -6 -7 -8 9 -10 11 12 -13 -14 15 16 -17 18 19 -20 0
uf20-0376 5882 -1 -2 -3 4 5 6 7 8 9 10 11 12 13 -14 -15 -16 17 -18 19 -20 0
uf20-0377 5245 1 -2 -3 -4 5 -6 7 -8 9 -10 11 12 13 14 15 16 -17 18 19 20 0
uf20-0378 4932 -1 2 3 -4 -5 6 7 8 9 -10 -11 12 -13 14 -15 16 17 -18 19 -20 0
uf20-0379 5450 -1 2 -3 4 -5 6 7 -8 9 -10 11 -12 13 -14 -15 16 17 -18 19 20 0
uf20-037 5190 -1 2 -3 -4 -5 6 7 8 9 10 -11 -12 -13 14 -15 16 -17 18 -19 20 0
uf20-0380 2401 1 -2 -3 -4 5 6 -7 8 -9 10 -11 -12 -13 -14 15 16 -17 -18 -19 -20 0
uf20-0381 6313 1 2 3 -4 5 6 7 -8 9 -10 -11 -12 13 14 15 16 -17 18 19 20 0
uf20-0382 3744 -1 -2 3 4 5 -6 -7 8 9 -10 11 -12 -13 -14 -15 16 17 -18 19 20 0
uf20-0383 4152 -1 -2 3 -4 -5 6 -7 -8 9 10 -11 -12 13 14 -15 16 17 -18 -19 20 0
uf20-0384 4969 1 2 -3 4 5 -6 -7 8 -9 -10 11 -12 13 -14 15 16 17 -18 19 -20 0
uf20-0385 5191 1 -2 3 4 5 6 7 -8 9 -10 -11 -12 13 -14 -15 16 -17 18 -19 20 0
uf20-0386 7007 1 2 -3 4 5 6 7 8 -9 10 11 12 13 -14 -15 -16 17 -18 19 20 0
uf20-0387 4072 1 2 -3 -4 -5 -6 -7 8 9 -10 11 -12 -13 14 15 16 17 18 -19 20 0
uf20-0388 4671 1 2 3 4 -5 -6 -7 -8 9 10 -11 12 -13 14 15 -16 -17 18 -19 -20 0
uf20-0389 3893 1 2 -3 -4 -5 6 7 -8 -9 -10 -11 12 -13 -14 15 16 17 18 -19 -20 0
uf20-038 3841 1 -2 3 4 -5 6 7 -8 -9 10 -11 12 -13 14 15 -16 17 18 19 -20 0
uf20-0390 3321 -1 2 3 -4 -5 -6 -7 -8 9 10 -11 -12 13 -14 -15 -16 17 18 19 -20 0
uf20-0391 5709 1 2 3 -4 5 6 -7 -8 9 10 11 12 -13 14 -15 -16 17 -18 19 20 0
uf20-0392 4878 -1 -2 -3 4 5 -6 7 8 -9 10 11 12 13 -14 15 -16 17 -18 19 20 0
uf20-0393 5514 1 2 3 4 -5 6 -7 8 9 10 11 12 13 14 -15 16 -17 -18 -19 -20 0
uf20-0394 4257 1 2 -3 4 -5 -6 7 8 9 -10 11 12 13 -14 -15 -16 -17 18 -19 20 0
uf20-0395 6988 1 2 3 4 5 -6 7 8 9 -10 -11 12 13 14 15 16 17 18 19 20 0
uf20-0396 2422 -1 2 -3 -4 5 -6 -7 8 -9 -10 11 -12 -13 -14 15 -16 -17 18 -19 -20 0
uf20-0397 4152 1 -2 -3 -4 5 6 -7 8 9 -10 11 -12 -13 -14 -15 -16 17 18 -19 20 0
uf20-0398 5709 -1 2 3 -4 -5 6 7 8 -9 10 11 -12 13 -14 15 -16 17 -18 19 20 0
uf20-0399 5916 1 2 -3 4 5 6 7 -8 9 10 -11 12 -13 -14 15 16 -17 18 -19 20 0
uf20-039 5363 -1 2 -3 -4 5 6 -7 -8 9 -10 11 12 13 14 -15 -16 17 18 -19 20 0
uf20-03 4005 1 2 3 4 -5 6 7 8 9 10 11 -12 13 -14 -15 16 17 18 -19 20 0
uf20-0400 3026 -1 2 3 -4 5 6 7 -8 -9 -10 -11 12 13 -14 15 16 17 18 19 -20 0
uf20-0401 3105 1 2 3 4 -5 6 -7 8 9 10 11 12 -13 14 15 16 17 -18 19 20 0
uf20-0402 1068 -1 -2 -3 -4 -5 -6 7 -8 -9 -10 -11 -12 13 14 -15 -16 -17 -18 -19 20 0
uf20-0403 2458 1 -2 3 4 5 6 -7 -8 9 10 11 -12 13 14 15 -16 -17 -18 19 -20 0
uf20-0404 2324 1 -2 -3 -4 5 -6 7 -8 9 10 11 -12 13 -14 -15 -16 17 18 19 20 0
uf20-0405 1883 -1 -2 3 -4 5 6 7 -8 9 10 -11 -12 -13 14 15 16 17 18 19 -20 0
uf20-0406 1870 1 2 -3 4 -5 -6 7 -8 -9 10 -11 -12 -13 -14 -15 16 -17 18 -19 20 0
uf20-0407 2403 1 -2 -3 4 -5 -6 7 8 -9 10 11 -12 -13 -14 15 -16 17 18 -19 20 0
uf20-0408 2359 -1 -2 -3 4 5 -6 7 8 9 -10 11 -12 13 -14 -15 16 -17 18 -19 20 0
uf20-0409 2991 1 2 3 -4 5 -6 7 8 -9 -10 11 -12 13 14 -15 -16 17 18 19 20 0
uf20-040 2136 -1 2 -3 4 5 6 -7 8 -9 10 11 12 -13 -14 -15 -16 17 -18 -19 -20 0
uf20-0410 2937 1 2 -3 4 5 6 -7 8 -9 -10 11 12 13 -14 15 -16 17 -18 19 -20 0
uf20-0411 2804 1 2 3 -4 5 6 -7 8 -9 10 11 12 -13 -14 -15 -16 17 18 -19 -20 0
uf20-0412 2844 1 2 -3 4 5 6 -7 -8 9 -10 -11 12 13 14 15 -16 17 18 19 20 0
uf20-0413 2863 -1 2 3 -4 5 6 7 8 9 -10 11 -12 -13 -14 15 -16 17 18 19 20 0
uf20-0414 2537 1 -2 -3 -4 5 6 7 -8 -9 10 -11 12 13 -14 -15 16 -17 18 19 -20 0
uf20-0415 1868 -1 2 -3 4 5 -6 7 -8 -9 10 -11 12 -13 -14 15 -16 -17 -18 19 -20 0
uf20-0416 2721 1 2 3 4 -5 6 7 -8 9 10 -11 -12 -13 14 -15 16 -17 18 19 20 0
uf20-0417 3026 1 -2 3 4 5 6 7 8 9 -10 -11 -12 13 14 15 16 17 18 19 -20 0
uf20-0418 3042 -1 2 3 4 5 -6 7 8 9 10 -11 -12 13 -14 15 -16 17 18 19 -20 0
uf20-0419 2670 1 2 -3 4 -5 6 -7 8 9 -10 11 -12 -13 -14 -15 16 -17 18 19 -20 0
uf20-041 3204 -1 -2 -3 4 5 -6 -7 8 9 10 11 12 13 -14 15 16 17 -18 -19 20 0
uf20-0420 2270 1 2 -3 -4 5 -6 7 8 -9 -10 11 -12 -13 14 15 16 -17 -18 -19 -20 0
uf20-0421 1936 -1 2 -3 -4 -5 6 7 8 9 10 -11 12 13 14 -15 -16 -17 18 19 -20 0
uf20-0422 3897 1 2 3 4 -5 6 7 8 9 10 -11 12 13 -14 15 16 17 18 -19 20 0
uf20-0423 2938 -1 2 -3 -4 5 6 7 8 -9 10 11 12 13 14 15 16 -17 -18 -19 -20 0
uf20-0424 1602 1 -2 3 4 -5 6 7 -8 -9 -10 -11 -12 13 -14 -15 16 -17 -18 -19 -20 0
uf20-0425 2537 1 -2 3 -4 -5 6 -7 8 -9 -10 11 -12 13 14 15 -16 -17 18 19 -20 0
uf20-0426 2994 1 -2 3 -4 -5 6 7 8 9 -10 11 12 -13 -14 15 16 17 18 19 20 0
uf20-0427 2680 1 2 3 -4 -5 -6 7 8 9 10 -11 12 -13 14 -15 -16 17 18 19 20 0
uf20-0428 3071 1 2 3 -4 -5 -6 7 8 9 -10 11 -12 13 -14 15 16 17 18 -19 20 0
uf20-0429 3635 1 2 3 -4 5 6 7 8 9 10 11 -12 13 14 15 16 -17 -18 19 20 0
uf20-042 2671 -1 -2 -3 4 5 6 7 8 -9 10 11 12 -13 -14 15 -16 17 -18 19 -20 0
uf20-0430 1624 -1 -2 -3 4 -5 -6 7 8 9 -10 -11 -12 13 -14 15 16 -17 18 -19 20 0
uf20-0431 2622 1 -2 3 4 5 -6 7 8 -9 10 -11 12 -13 -14 -15 16 17 -18 19 20 0
uf20-0432 2759 1 2 3 4 5 6 7 8 -9 -10 -11 12 -13 -14 15 -16 -17 18 -19 -20 0
uf20-0433 2292 -1 2 3 4 5 -6 -7 8 9 10 -11 -12 13 -14 15 -16 17 18 -19 -20 0
uf20-0434 2549 1 2 3 4 -5 -6 7 -8 9 -10 11 12 -13 14 -15 16 17 18 -19 -20 0
uf20-0435 1736 1 -2 -3 4 -5 -6 -7 -8 -9 -10 11 12 -13 -14 15 16 -17 -18 19 -20 0
uf20-0436 2537 -1 2 3 4 -5 6 -7 8 9 -10 11 12 13 -14 15 -16 17 18 -19 20 0
uf20-0437 3605 1 -2 3 4 5 6 7 8 9 10 11 12 -13 -14 -15 16 -17 18 -19 20 0
uf20-0438 1958 -1 -2 3 -4 -5 -6 7 -8 9 10 -11 -12 13 14 -15 16 -17 18 -19 -20 0
uf20-0439 3046 1 2 3 -4 5 -6 7 -8 -9 10 11 12 13 14 15 16 -17 -18 19 20 0
uf20-043 3071 -1 2 3 4 -5 6 -7 8 -9 10 -11 12 -13 14 -15 16 -17 18 19 20 0
uf20-0440 1761 1 2 -3 -4 -5 -6 7 -8 -9 10 -11 -12 13 -14 15 -16 17 -18 19 -20 0
uf20-0441 1996 1 2 3 -4 5 6 7 -8 9 10 11 -12 -13 14 15 16 17 -18 -19 -20 0
uf20-0442 1602 -1 -2 3 -4 -5 6 -7 8 -9 -10 -11 -12 -13 -14 15 -16 17 18 19 -20 0
uf20-0443 1660 -1 2 -3 -4 -5 6 -7 8 -9 -10 -11 12 -13 14 -15 -16 17 18 -19 20 0
uf20-0444 1869 -1 -2 -3 4 -5 6 -7 8 9 -10 -11 12 -13 -14 -15 -16 17 18 19 -20 0
uf20-0445 2360 1 2 3 4 -5 -6 -7 8 -9 -10 11 -12 -13 -14 15 16 17 18 19 20 0
uf20-0446 2376 1 2 -3 4 5 -6 -7 8 9 -10 -11 12 13 14 15 16 17 -18 -19 -20 0
uf20-0447 2007 -1 -2 3 4 -5 6 -7 8 9 -10 -11 12 13 14 15 -16 17 18 -19 20 0
uf20-0448 2738 1 -2 -3 4 5 -6 7 -8 -9 10 -11 12 13 14 15 16 -17 18 19 -20 0
uf20-0449 2136 -1 -2 3 4 -5 -6 -7 8 -9 -10 -11 12 13 14 15 -16 17 -18 -19 -20 0
uf20-044 2137 -1 2 3 -4 5 6 -7 -8 9 -10 11 -12 13 -14 15 -16 -17 -18 19 20 0
uf20-0450 2433 -1 2 3 -4 -5 6 7 -8 9 10 11 12 13 -14 15 16 17 -18 -19 -20 0
uf20-0451 2441 1 -2 -3 4 5 -6 7 8 9 -10 -11 12 -13 14 15 16 -17 18 19 -20 0
uf20-0452 1803 -1 2 -3 -4 5 6 7 8 9 -10 -11 -12 13 14 -15 -16 -17 -18 -19 -20 0
uf20-0453 2617 1 2 3 -4 5 6 -7 8 9 10 -11 -12 -13 -14 -15 -16 17 -18 19 20 0
uf20-0454 2760 1 -2 -3 -4 5 6 -7 8 -9 -10 11 12 13 14 15 16 -17 18 -19 20 0
uf20-0455 3026 1 2 3 -4 5 6 7 -8 9 10 11 -12 -13 -14 15 16 -17 -18 19 -20 0
uf20-0456 2299 1 2 -3 4 5 6 7 8 -9 -10 11 12 13 14 15 -16 -17 -18 19 -20 0
uf20-0457 2722 -1 2 -3 4 -5 6 7 -8 9 10 11 12 -13 14 15 -16 17 -18 -19 20 0
uf20-0458 3204 1 -2 -3 4 -5 -6 -7 8 -9 10 11 -12 -13 14 15 16 17 18 19 20 0
uf20-0459 2402 1 2 3 4 -5 -6 7 8 -9 -10 11 12 13 -14 -15 -16 17 -18 -19 20 0
uf20-045 2668 1 2 -3 -4 5 6 -7 8 9 10 -11 12 -13 14 -15 -16 17 18 -19 20 0
uf20-0460 2903 1 2 3 4 5 6 7 8 -9 -10 11 12 13 -14 15 -16 17 18 -19 20 0
uf20-0461 3471 1 2 -3 4 5 6 7 8 -9 -10 -11 -12 -13 14 15 -16 17 18 19 20 0
uf20-0462 3338 1 -2 3 4 -5 6 -7 -8 -9 10 11 -12 13 14 15 -16 17 18 19 20 0
uf20-0463 3739 1 2 -3 -4 5 6 7 -8 9 10 11 12 13 14 15 16 17 -18 -19 20 0
uf20-0464 1335 1 2 -3 -4 -5 -6 -7 -8 -9 -10 -11 -12 -13 14 -15 -16 -17 -18 19 20 0
uf20-0465 2136 1 2 -3 -4 -5 6 7 -8 9 -10 -11 -12 13 -14 -15 -16 -17 18 19 -20 0
uf20-0466 2270 -1 2 -3 -4 5 -6 7 -8 -9 10 11 12 -13 14 -15 -16 17 18 -19 -20 0
uf20-0467 2962 1 2 3 4 5 -6 7 8 -9 10 11 -12 13 14 -15 16 -17 -18 19 20 0
uf20-0468 2404 -1 2 3 4 -5 -6 -7 -8 9 10 11 12 -13 -14 15 16 -17 -18 -19 20 0
uf20-0469 2135 -1 -2 -3 -4 5 6 7 -8 -9 10 -11 12 13 -14 15 -16 17 -18 -19 20 0
uf20-046 2277 1 2 3 -4 -5 6 7 -8 -9 -10 -11 12 13 14 -15 -16 -17 18 19 20 0
uf20-0470 2003 -1 2 -3 4 5 6 7 8 9 10 11 12 13 14 -15 -16 17 -18 -19 20 0
uf20-0471 1846 1 -2 3 -4 -5 6 -7 8 -9 10 -11 -12 13 14 15 -16 -17 18 19 -20 0
uf20-0472 3072 -1 2 3 -4 5 6 -7 8 9 10 11 -12 13 -14 15 16 -17 18 -19 20 0
uf20-0473 2992 1 2 -3 4 5 -6 -7 8 9 10 11 12 13 14 -15 -16 17 18 19 -20 0
uf20-0474 2804 -1 -2 -3 4 -5 6 -7 8 9 10 -11 12 13 14 15 16 17 -18 19 -20 0
uf20-0475 2270 -1 -2 3 -4 5 -6 7 8 -9 10 -11 12 -13 -14 15 -16 17 -18 -19 20 0
uf20-0476 2270 -1 2 -3 4 -5 -6 -7 -8 -9 -10 -11 12 13 14 -15 -16 17 18 19 20 0
uf20-0477 3204 1 -2 3 4 5 6 7 8 9 10 -11 -12 13 -14 -15 -16 17 18 -19 -20 0
uf20-0478 2536 -1 2 -3 -4 -5 6 -7 8 9 10 11 12 13 -14 15 -16 -17 18 -19 20 0
uf20-0479 2938 -1 -2 3 -4 -5 -6 -7 8 -9 10 11 -12 13 14 15 16 17 18 19 20 0
uf20-047 2805 -1 -2 3 4 -5 6 7 -8 9 10 11 12 13 -14 15 -16 17 -18 -19 20 0
uf20-0480 2902 1 -2 3 -4 -5 -6 7 8 9 10 11 12 13 -14 15 16 17 18 -19 -20 0
uf20-0481 1691 -1 -2 -3 -4 -5 6 7 -8 -9 10 -11 12 -13 -14 -15 -16 -17 18 19 20 0
uf20-0482 2070 -1 -2 -3 4 -5 6 7 8 -9 10 -11 12 -13 -14 -15 16 17 18 -19 20 0
uf20-0483 2915 -1 2 3 4 5 -6 7 8 -9 -10 11 12 13 -14 15 16 17 18 19 20 0
uf20-0484 2136 1 2 3 -4 -5 6 7 -8 9 -10 -11 -12 -13 14 15 -16 -17 -18 -19 20 0
uf20-0485 2258 -1 2 3 -4 5 -6 -7 8 9 -10 11 12 13 14 -15 -16 -17 18 19 20 0
uf20-0486 2161 -1 -2 -3 -4 5 6 7 8 9 -10 11 12 -13 14 15 -16 -17 -18 -19 20 0
uf20-0487 3024 -1 2 3 4 5 -6 -7 8 -9 10 11 12 13 14 15 -16 17 18 -19 20 0
uf20-0488 2314 1 -2 3 4 5 6 -7 -8 -9 10 -11 12 13 14 15 -16 17 -18 19 -20 0
uf20-0489 2759 1 2 3 4 -5 6 -7 8 -9 10 11 12 -13 14 -15 -16 17 -18 -19 20 0
uf20-048 2937 1 2 -3 -4 -5 -6 7 -8 -9 10 -11 12 13 14 15 16 -17 18 19 -20 0
uf20-0490 3471 1 -2 3 4 5 -6 7 8 9 10 -11 12 13 14 -15 -16 -17 18 -19 20 0
uf20-0491 2828 1 -2 -3 -4 -5 6 7 8 9 -10 11 12 -13 -14 15 16 -17 18 19 20 0
uf20-0492 2959 1 2 3 4 5 -6 7 8 9 -10 11 -12 -13 -14 15 16 -17 -18 19 20 0
uf20-0493 3204 1 -2 -3 -4 5 6 7 8 9 -10 11 -12 -13 -14 15 16 17 -18 19 20 0
uf20-0494 2450 1 2 -3 -4 5 6 7 8 9 -10 -11 12 -13 14 15 16 17 -18 19 -20 0
uf20-0495 2937 1 2 3 4 -5 6 7 -8 -9 10 11 12 -13 14 15 -16 17 -18 -19 -20 0
uf20-0496 3292 1 -2 3 -4 5 6 -7 8 -9 10 -11 12 13 14 15 16 17 18 19 20 0
uf20-0497 2432 1 2 -3 4 -5 6 7 8 -9 -10 11 12 13 -14 15 16 -17 -18 19 -20 0
uf20-0498 2405 1 2 3 -4 5 6 -7 -8 -9 -10 11 -12 13 14 15 16 17 -18 -19 -20 0
uf20-0499 3670 1 -2 3 4 5 6 7 -8 -9 10 11 12 13 14 15 16 17 18 19 20 0
uf20-049 1736 -1 -2 -3 4 -5 -6 7 8 -9 10 -11 -12 -13 14 15 16 -17 -18 -19 -20 0
uf20-04 2136 1 -2 3 4 -5 -6 7 -8 -9 10 11 -12 13 -14 -15 16 17 -18 -19 -20 0
uf20-0500 2670 1 2 -3 4 -5 6 7 8 -9 10 -11 12 13 -14 15 16 -17 -18 -19 -20 0
uf20-0501 2670 1 2 3 4 -5 -6 7 8 -9 -10 -11 12 13 14 -15 16 -17 18 -19 20 0
uf20-0502 3369 1 -2 3 4 5 6 7 8 9 10 11 -12 13 14 15 16 17 -18 -19 20 0
uf20-0503 2064 -1 2 -3 4 5 6 -7 -8 9 10 -11 -12 13 14 -15 -16 -17 18 19 -20 0
uf20-0504 2937 -1 2 -3 -4 -5 6 7 8 -9 -10 11 12 13 14 15 -16 -17 18 19 -20 0
uf20-0505 2581 -1 -2 3 4 -5 6 -7 -8 9 10 11 12 -13 14 15 16 -17 -18 19 -20 0
uf20-0506 3560 -1 2 3 4 -5 6 -7 8 9 10 -11 12 13 14 15 16 -17 18 19 20 0
uf20-0507 1971 -1 2 3 4 5 6 -7 8 9 -10 -11 -12 -13 -14 15 -16 17 -18 -19 20 0
uf20-0508 1068 -1 -2 -3 -4 -5 -6 7 8 -9 -10 -11 -12 -13 14 -15 -16 -17 18 19 20 0
uf20-0509 2759 1 2 3 -4 5 -6 -7 8 9 10 -11 -12 -13 14 15 16 -17 18 -19 -20 0
uf20-050 2403 -1 2 3 4 -5 -6 -7 8 9 10 -11 -12 -13 -14 15 -16 17 -18 -19 20 0
uf20-0510 1679 1 2 -3 -4 -5 6 7 -8 9 -10 11 12 13 14 15 16 17 -18 -19 20 0
uf20-0511 2272 -1 -2 3 -4 5 6 7 8 9 10 11 -12 -13 -14 15 -16 17 18 19 -20 0
uf20-0512 2403 -1 -2 -3 4 5 -6 7 -8 9 -10 11 12 -13 14 15 16 17 18 -19 -20 0
uf20-0513 2537 1 2 3 4 -5 -6 7 8 -9 -10 -11 12 -13 -14 -15 -16 17 18 19 20 0
uf20-0514 2670 -1 2 3 -4 -5 6 -7 8 9 10 -11 12 -13 -14 15 -16 17 -18 -19 20 0
uf20-0515 1843 1 -2 3 -4 -5 -6 7 8 -9 10 -11 -12 -13 14 -15 16 -17 18 -19 20 0
uf20-0516 3095 1 2 -3 4 5 6 7 8 9 -10 11 -12 -13 14 15 16 17 18 19 20 0
uf20-0517 3471 1 -2 3 4 -5 6 7 -8 9 -10 11 12 13 14 15 16 -17 -18 -19 20 0
uf20-0518 2670 1 2 3 -4 -5 -6 7 -8 -9 10 11 12 -13 -14 15 16 -17 -18 -19 20 0
uf20-0519 2403 -1 2 -3 4 -5 -6 7 -8 9 10 -11 -12 13 -14 15 -16 -17 18 19 -20 0
uf20-051 2804 -1 -2 -3 4 5 6 7 -8 -9 10 11 12 -13 -14 15 -16 17 18 19 20 0
uf20-0520 2938 1 -2 3 -4 5 6 -7 -8 -9 10 11 -12 13 -14 15 16 17 18 19 -20 0
uf20-0521 2670 1 2 3 -4 -5 -6 7 8 -9 10 11 12 -13 -14 -15 -16 17 18 -19 20 0
uf20-0522 3403 1 2 -3 4 -5 6 7 -8 9 -10 11 12 13 14 15 16 17 18 19 20 0
uf20-0523 3026 1 2 3 -4 5 6 7 -8 -9 10 11 12 -13 14 15 -16 17 -18 -19 -20 0
uf20-0524 3204 1 -2 3 -4 -5 6 -7 8 9 10 11 12 13 -14 15 -16 -17 18 -19 20 0
uf20-0525 2767 1 2 3 4 5 6 7 8 -9 10 11 12 -13 14 -15 16 17 -18 -19 20 0
uf20-0526 3071 -1 2 3 -4 5 6 7 8 -9 10 -11 12 -13 14 -15 16 17 18 -19 -20 0
uf20-0527 3737 -1 2 3 -4 5 6 -7 8 9 -10 11 12 13 14 15 16 -17 18 19 20 0
uf20-0528 2403 -1 -2 -3 4 -5 6 -7 8 -9 10 11 -12 13 -14 -15 16 17 -18 19 -20 0
uf20-0529 3204 1 -2 -3 4 -5 6 7 8 9 10 11 12 -13 14 15 -16 17 -18 19 20 0
uf20-052 4603 1 2 3 -4 5 6 -7 -8 -9 -10 11 12 13 14 15 16 17 -18 -19 20 0
uf20-0530 4662 1 2 3 4 -5 6 -7 8 9 -10 11 12 -13 14 -15 -16 17 -18 19 20 0
uf20-0531 3028 1 -2 -3 -4 -5 6 -7 8 9 10 -11 12 -13 14 15 -16 -17 18 19 -20 0
uf20-0532 1432 -1 -2 3 4 -5 -6 -7 -8 -9 10 -11 -12 -13 -14 -15 -16 -17 -18 -19 20 0
uf20-0533 4227 -1 2 -3 4 -5 6 -7 8 -9 10 11 -12 -13 14 15 16 -17 18 19 -20 0
uf20-0534 4297 1 -2 3 4 5 -6 7 -8 9 10 -11 12 -13 -14 15 16 17 -18 19 20 0
uf20-0535 3573 -1 -2 3 4 5 6 7 -8 -9 10 -11 12 13 -14 -15 16 17 18 19 -20 0
uf20-0536 4090 1 -2 -3 4 5 -6 7 8 9 -10 -11 12 -13 -14 15 16 -17 18 -19 -20 0
uf20-0537 3739 -1 2 3 4 -5 6 -7 -8 9 -10 -11 12 -13 14 -15 16 17 18 -19 20 0
uf20-0538 3885 1 2 3 4 -5 6 7 8 -9 -10 -11 12 13 -14 -15 -16 -17 18 19 -20 0
uf20-0539 3445 -1 2 -3 4 5 -6 7 8 9 10 -11 12 13 -14 -15 16 -17 -18 -19 20 0
uf20-053 3477 1 2 -3 -4 -5 -6 -7 8 9 10 -11 12 13 -14 15 16 -17 -18 -19 -20 0
uf20-0540 4143 -1 2 -3 -4 5 -6 7 -8 -9 10 11 12 13 14 15 -16 17 18 -19 20 0
uf20-0541 2452 -1 -2 3 4 -5 -6 7 -8 -9 10 -11 12 13 -14 -15 -16 17 -18 -19 20 0
uf20-0542 5113 1 2 3 4 5 -6 7 8 9 -10 11 -12 -13 14 15 -16 -17 -18 19 20 0
uf20-0543 5113 -1 -2 3 -4 -5 6 7 8 -9 10 11 12 13 14 15 16 17 -18 19 -20 0
uf20-0544 3332 -1 -2 -3 -4 5 6 -7 8 9 10 -11 12 -13 14 -15 -16 17 18 19 20 0
uf20-0545 5113 1 2 3 -4 5 -6 7 -8 9 10 11 -12 -13 14 -15 16 -17 18 19 20 0
uf20-0546 4501 1 2 3 4 -5 -6 7 -8 -9 10 11 12 13 -14 15 16 -17 -18 19 20 0
uf20-0547 5522 1 2 3 -4 5 -6 7 8 9 10 -11 -12 13 14 -15 16 17 18 -19 20 0
uf20-0548 3820 1 -2 3 4 5 -6 7 -8 9 -10 -11 12 13 -14 15 16 17 18 -19 -20 0
uf20-0549 4113 -1 2 3 4 -5 -6 -7 8 9 -10 11 12 13 -14 15 -16 17 18 19 -20 0
uf20-054 3389 -1 -2 -3 -4 5 6 -7 8 -9 10 11 12 13 -14 15 16 -17 -18 19 20 0
uf20-0550 5317 1 2 -3 -4 -5 6 -7 8 -9 10 11 12 13 -14 15 16 -17 18 19 20 0
uf20-0551 3682 -1 -2 -3 4 -5 -6 7 8 9 10 -11 12 13 -14 15 -16 -17 18 -19 20 0
uf20-0552 3477 -1 -2 3 -4 5 -6 -7 -8 9 -10 -11 -12 13 14 15 16 -17 -18 19 20 0
uf20-0553 3477 1 -2 -3 4 -5 6 7 8 9 -10 -11 -12 -13 -14 15 -16 -17 18 19 -20 0
uf20-0554 4702 1 2 3 -4 5 6 -7 8 9 -10 -11 -12 13 14 15 16 17 18 19 20 0
uf20-0555 3818 1 2 -3 -4 -5 6 -7 -8 9 10 11 12 -13 -14 15 16 17 18 -19 20 0
uf20-0556 4636 -1 -2 3 -4 5 6 7 8 -9 -10 -11 12 13 14 -15 16 17 18 19 -20 0
uf20-0557 3475 -1 2 -3 4 5 -6 -7 8 9 10 11 12 13 -14 15 16 -17 -18 -19 20 0
uf20-0558 2302 -1 -2 3 -4 -5 -6 7 -8 9 -10 -11 -12 13 -14 15 -16 17 -18 19 -20 0
uf20-0559 3888 -1 2 -3 -4 5 -6 7 8 9 10 11 -12 13 -14 15 -16 17 -18 19 20 0
uf20-055 3684 1 -2 3 4 -5 -6 -7 8 9 10 11 -12 -13 14 15 16 -17 -18 19 20 0
uf20-0560 4500 1 -2 3 4 5 -6 -7 8 9 -10 -11 -12 13 14 -15 -16 17 18 19 20 0
uf20-0561 5959 -1 2 -3 -4 5 6 7 8 9 10 11 -12 13 14 15 16 17 18 19 20 0
uf20-0562 3409 1 -2 -3 -4 5 -6 -7 -8 9 10 11 12 -13 14 15 -16 -17 -18 -19 20 0
uf20-0563 3988 1 -2 3 4 5 -6 -7 -8 -9 10 -11 12 13 -14 15 16 17 -18 19 20 0
uf20-0564 4500 -1 -2 3 -4 -5 6 7 8 9 10 11 -12 -13 14 -15 16 -17 18 19 20 0
uf20-0565 3804 1 -2 3 4 5 -6 -7 8 9 10 -11 12 -13 14 -15 -16 -17 18 -19 20 0
uf20-0566 2506 1 -2 -3 -4 -5 -6 -7 -8 -9 -10 -11 12 13 14 -15 -16 17 18 19 20 0
uf20-0567 2791 1 -2 -3 4 -5 -6 7 8 -9 -10 11 12 13 14 15 16 17 -18 -19 20 0
uf20-0568 3887 -1 -2 3 4 5 6 -7 -8 -9 10 11 -12 -13 14 15 16 17 -18 19 -20 0
uf20-0569 3274 -1 2 3 4 -5 -6 7 -8 9 10 11 -12 13 -14 15 16 -17 -18 19 20 0
uf20-056 3838 -1 2 -3 4 5 -6 -7 8 -9 10 -11 -12 13 14 15 16 17 -18 19 -20 0
uf20-0570 2940 -1 2 3 -4 5 -6 7 -8 9 -10 -11 -12 13 14 15 -16 -17 18 -19 20 0
uf20-0571 2863 -1 -2 3 -4 5 6 -7 8 -9 -10 -11 12 -13 -14 -15 16 17 -18 19 20 0
uf20-0572 3477 -1 2 -3 -4 -5 6 7 -8 9 10 -11 -12 13 14 -15 16 -17 -18 19 -20 0
uf20-0573 5268 1 2 -3 -4 5 6 7 8 9 10 11 12 13 14 -15 -16 17 -18 19 20 0
uf20-0574 3068 -1 2 3 -4 -5 -6 -7 -8 -9 10 -11 12 -13 -14 -15 16 -17 18 19 20 0
uf20-0575 4296 1 -2 3 4 -5 6 -7 8 9 10 11 12 13 14 -15 16 -17 -18 -19 -20 0
uf20-0576 3681 1 2 -3 4 -5 -6 -7 -8 -9 10 -11 12 13 14 -15 -16 -17 18 19 -20 0
uf20-0577 2018 -1 -2 3 -4 5 -6 -7 -8 -9 -10 11 12 13 -14 -15 16 17 -18 -19 -20 0
uf20-0578 3819 1 2 3 4 5 6 -7 -8 9 -10 -11 12 -13 14 -15 -16 -17 -18 19 20 0
uf20-0579 5727 1 2 3 4 5 -6 7 8 9 -10 11 12 -13 14 15 16 -17 -18 19 20 0
uf20-057 4458 1 2 3 -4 5 -6 -7 8 9 10 11 -12 -13 14 -15 16 17 -18 19 20 0
uf20-0580 3313 -1 -2 -3 -4 5 -6 7 -8 9 10 11 -12 -13 14 15 -16 17 18 -19 20 0
uf20-0581 5045 -1 2 3 4 -5 6 7 8 9 -10 11 12 -13 14 15 -16 -17 -18 19 20 0
uf20-0582 4090 1 -2 3 4 -5 6 -7 -8 -9 10 11 -12 -13 14 15 16 -17 -18 -19 20 0
uf20-0583 4091 -1 -2 -3 -4 5 6 7 8 9 -10 11 12 13 -14 -15 -16 17 18 19 -20 0
uf20-0584 3068 1 2 -3 -4 5 6 -7 8 -9 -10 -11 -12 13 -14 15 16 -17 -18 -19 -20 0
uf20-0585 4297 1 2 3 -4 5 6 7 -8 -9 10 -11 -12 13 14 15 16 17 18 -19 -20 0
uf20-0586 3681 -1 -2 3 -4 -5 6 7 8 -9 -10 11 -12 13 -14 15 16 -17 18 -19 -20 0
uf20-0587 3354 1 2 -3 -4 -5 6 -7 -8 -9 10 -11 12 13 -14 15 16 -17 -18 19 20 0
uf20-0588 3606 -1 -2 3 -4 5 6 7 8 9 10 11 -12 -13 14 -15 16 -17 -18 19 20 0
uf20-0589 5645 1 2 3 4 5 -6 7 8 9 10 -11 -12 13 -14 15 16 17 18 19 20 0
uf20-058 4149 1 2 3 -4 -5 -6 7 -8 -9 10 -11 12 13 14 -15 16 17 18 19 20 0
uf20-0590 2865 -1 2 -3 -4 -5 6 -7 8 -9 10 -11 -12 -13 14 15 -16 17 -18 19 20 0
uf20-0591 3886 1 -2 3 -4 5 6 -7 -8 -9 10 -11 12 -13 14 -15 16 -17 18 19 -20 0
uf20-0592 4245 1 -2 3 4 5 6 -7 -8 9 -10 11 12 -13 14 -15 -16 17 -18 19 20 0
uf20-0593 2209 1 2 -3 -4 -5 -6 -7 8 -9 -10 11 12 -13 14 -15 -16 -17 -18 -19 20 0
uf20-0594 2863 1 -2 -3 -4 -5 -6 7 8 -9 -10 -11 12 -13 14 15 -16 -17 18 -19 -20 0
uf20-0595 4636 -1 2 3 -4 5 6 7 8 9 -10 -11 12 13 -14 -15 16 17 -18 19 -20 0
uf20-0596 3477 1 -2 3 4 -5 6 -7 8 9 -10 -11 -12 13 -14 -15 -16 -17 18 -19 20 0
uf20-0597 5113 -1 -2 3 4 5 -6 7 8 9 10 -11 12 13 14 -15 -16 -17 18 19 20 0
uf20-0598 4295 1 -2 -3 -4 5 6 -7 -8 -9 10 11 12 -13 14 15 16 17 -18 -19 20 0
uf20-0599 3886 1 -2 -3 4 -5 -6 7 -8 9 -10 -11 12 13 14 15 -16 17 -18 19 -20 0
uf20-059 3681 1 -2 -3 -4 -5 -6 7 8 -9 10 11 -12 -13 -14 -15 16 17 -18 19 20 0
uf20-05 3477 -1 -2 -3 -4 5 -6 7 -8 -9 10 -11 12 13 -14 15 16 -17 18 -19 20 0
uf20-0600 3272 1 -2 -3 -4 -5 6 -7 8 9 10 -11 12 -13 14 -15 -16 17 -18 -19 -20 0
uf20-0601 3682 -1 2 -3 4 -5 -6 7 8 -9 10 -11 12 -13 14 15 -16 17 -18 -19 20 0
uf20-0602 3885 -1 2 3 -4 5 -6 -7 -8 -9 10 11 12 13 14 15 16 -17 -18 19 20 0
uf20-0603 2045 -1 -2 -3 -4 -5 -6 -7 8 -9 10 -11 12 -13 14 -15 -16 -17 18 -19 20 0
uf20-0604 4341 1 2 3 4 5 6 -7 8 -9 -10 11 -12 -13 -14 15 16 17 18 19 20 0
uf20-0605 4605 1 2 3 4 5 6 -7 8 9 -10 11 12 13 -14 -15 16 17 -18 19 20 0
uf20-0606 4908 -1 -2 3 4 5 6 7 -8 9 -10 -11 -12 13 -14 -15 16 17 18 19 20 0
uf20-0607 4499 -1 2 -3 4 5 -6 7 8 9 -10 11 12 13 -14 15 -16 -17 18 -19 -20 0
uf20-0608 3683 1 -2 3 -4 5 6 7 8 -9 10 11 12 -13 -14 15 -16 17 -18 -19 -20 0
uf20-0609 2320 -1 -2 3 4 -5 -6 -7 -8 -9 10 11 -12 13 -14 -15 16 17 18 -19 -20 0
uf20-060 4841 1 -2 3 -4 5 6 7 8 9 -10 11 -12 -13 14 15 -16 17 18 19 -20 0
uf20-0610 4171 1 -2 3 4 5 6 -7 8 9 -10 11 12 -13 -14 -15 -16 17 -18 19 20 0
uf20-0611 2592 1 2 3 -4 -5 6 -7 8 -9 -10 -11 12 -13 -14 15 -16 -17 -18 -19 20 0
uf20-0612 3886 -1 -2 3 4 -5 6 -7 8 9 10 -11 12 -13 14 -15 -16 17 -18 -19 20 0
uf20-0613 3819 -1 2 3 -4 5 6 7 8 9 -10 -11 -12 -13 -14 15 -16 -17 18 19 20 0
uf20-0614 4908 1 2 3 -4 5 6 7 -8 9 10 -11 12 -13 -14 15 16 -17 -18 -19 20 0
uf20-0615 3478 -1 -2 3 4 -5 -6 7 -8 -9 -10 11 12 13 -14 -15 16 17 18 -19 20 0
uf20-0616 2864 -1 2 -3 4 -5 -6 7 8 -9 -10 -11 12 13 -14 -15 -16 -17 18 19 -20 0
uf20-0617 4941 1 -2 3 4 5 6 7 8 9 10 -11 12 13 14 15 -16 17 -18 -19 -20 0
uf20-0618 3477 -1 2 -3 4 -5 -6 -7 8 9 -10 11 -12 13 -14 -15 -16 17 18 19 -20 0
uf20-0619 4759 1 -2 3 4 5 6 7 8 -9 10 -11 12 13 -14 15 16 17 18 19 -20 0
uf20-061 4499 1 2 3 -4 5 -6 7 8 -9 10 -11 -12 13 -14 15 -16 -17 18 -19 20 0
uf20-0620 2615 -1 2 3 -4 -5 -6 -7 8 9 10 11 12 -13 14 15 16 -17 18 19 -20 0
uf20-0621 3026 -1 2 -3 -4 -5 -6 -7 -8 9 10 -11 -12 13 14 -15 -16 17 18 19 20 0
uf20-0622 3547 -1 2 -3 4 5 6 -7 8 -9 -10 11 -12 13 14 15 16 17 -18 -19 -20 0
uf20-0623 2864 1 -2 3 4 -5 -6 -7 8 -9 -10 -11 12 -13 -14 15 -16 17 -18 -19 20 0
uf20-0624 4006 1 -2 3 4 5 6 7 8 -9 10 11 12 -13 14 -15 -16 17 -18 -19 -20 0
uf20-0625 4499 -1 2 -3 4 -5 -6 7 8 -9 10 11 12 -13 -14 15 16 -17 18 -19 20 0
uf20-0626 4433 -1 2 3 -4 -5 -6 -7 8 9 10 11 12 13 -14 15 16 -17 18 19 20 0
uf20-0627 4620 1 -2 -3 4 5 6 7 8 9 -10 11 12 13 14 -15 16 -17 -18 19 20 0
uf20-0628 4194 -1 2 3 -4 -5 -6 -7 8 -9 10 11 12 13 14 15 16 17 18 -19 -20 0
uf20-0629 4757 1 2 3 4 5 -6 7 8 9 10 -11 12 -13 14 15 -16 17 -18 19 -20 0
uf20-062 2819 1 -2 3 -4 5 6 -7 -8 -9 -10 -11 12 -13 14 -15 -16 17 18 -19 20 0
uf20-0630 5317 -1 -2 -3 4 5 6 7 8 -9 10 -11 12 13 14 -15 16 17 18 19 -20 0
uf20-0631 4090 1 2 -3 4 -5 6 7 -8 -9 10 11 -12 13 -14 15 -16 -17 -18 -19 20 0
uf20-0632 4432 -1 2 3 4 -5 6 -7 8 9 10 11 -12 -13 14 15 16 17 -18 -19 -20 0
uf20-0633 3743 1 -2 -3 4 -5 -6 7 8 9 10 -11 12 -13 -14 15 -16 17 -18 19 20 0
uf20-0634 3205 -1 2 -3 -4 5 -6 7 -8 -9 10 11 12 -13 -14 -15 16 17 18 19 20 0
uf20-0635 3818 1 -2 -3 -4 5 6 -7 -8 -9 10 11 -12 13 14 15 16 -17 -18 19 -20 0
uf20-0636 3562 1 2 3 -4 5 6 7 8 9 10 11 -12 -13 -14 -15 16 17 -18 19 -20 0
uf20-0637 2863 1 -2 -3 -4 5 -6 -7 -8 9 10 -11 12 -13 -14 15 -16 -17 18 19 -20 0
uf20-0638 2336 1 -2 -3 -4 5 -6 -7 -8 -9 10 11 -12 -13 -14 15 16 -17 18 -19 -20 0
uf20-0639 4296 1 -2 3 4 5 6 7 8 -9 10 -11 -12 -13 -14 15 -16 17 -18 19 20 0
uf20-063 5043 1 2 3 -4 5 6 -7 8 9 -10 11 12 13 -14 -15 16 17 18 19 20 0
uf20-0640 2944 1 -2 -3 -4 5 6 7 -8 -9 10 -11 12 13 -14 15 -16 17 18 19 -20 0
uf20-0641 3683 1 2 -3 4 -5 6 7 8 9 -10 -11 -12 -13 14 -15 16 -17 18 -19 20 0
uf20-0642 3159 -1 2 3 -4 -5 6 -7 8 -9 -10 11 12 -13 -14 15 -16 17 18 19 20 0
uf20-0643 3457 -1 2 3 -4 5 -6 7 8 -9 10 11 -12 13 14 15 -16 17 18 19 -20 0
uf20-0644 4118 1 2 3 4 -5 -6 -7 -8 9 10 -11 12 -13 14 15 -16 -17 18 19 20 0
uf20-0645 4365 1 2 -3 4 5 -6 -7 8 9 10 -11 12 13 14 -15 16 -17 18 -19 20 0
uf20-0646 4092 1 -2 -3 4 -5 -6 7 8 -9 10 -11 12 13 14 15 16 -17 -18 19 20 0
uf20-0647 3886 1 2 -3 4 5 6 -7 -8 -9 -10 11 -12 13 14 -15 16 -17 -18 -19 20 0
uf20-0648 3773 1 2 3 4 5 -6 -7 8 9 -10 11 -12 -13 14 15 16 17 -18 19 -20 0
uf20-0649 3656 -1 2 3 4 5 -6 7 8 9 -10 11 12 -13 14 15 16 -17 18 -19 -20 0
uf20-064 4501 1 -2 3 4 -5 -6 -7 8 9 -10 11 12 13 14 -15 16 17 -18 19 20 0
uf20-0650 3138 -1 -2 -3 -4 5 6 -7 8 -9 10 11 -12 13 14 15 16 17 -18 19 -20 0
uf20-0651 3990 -1 -2 -3 4 5 6 7 8 9 10 -11 -12 -13 -14 15 16 17 18 19 -20 0
uf20-0652 5113 -1 -2 3 4 5 6 7 8 9 10 11 12 13 -14 -15 16 -17 -18 19 -20 0
uf20-0653 2740 1 2 3 -4 -5 6 7 -8 -9 -10 11 -12 13 14 -15 -16 -17 18 19 20 0
uf20-0654 3774 -1 -2 -3 4 5 -6 7 -8 -9 10 -11 12 13 -14 -15 16 17 18 19 20 0
uf20-0655 3132 1 2 -3 -4 5 6 -7 8 -9 10 11 12 13 -14 -15 16 17 -18 -19 20 0
uf20-0656 3477 1 2 -3 4 5 -6 -7 -8 9 -10 -11 12 -13 14 -15 -16 -17 18 19 -20 0
uf20-0657 3529 -1 2 -3 4 -5 6 7 -8 -9 -10 11 12 13 14 -15 16 17 18 -19 -20 0
uf20-0658 3857 1 -2 3 4 -5 6 -7 -8 -9 10 -11 12 -13 -14 15 16 17 18 -19 20 0
uf20-0659 4404 1 -2 3 4 5 6 -7 8 9 10 11 -12 13 -14 -15 16 17 -18 19 20 0
uf20-065 3274 1 -2 3 -4 -5 6 -7 8 -9 -10 11 12 13 14 -15 -16 17 -18 19 -20 0
uf20-0660 4704 1 2 -3 -4 5 -6 7 8 9 10 -11 12 -13 14 15 -16 -17 18 19 -20 0
uf20-0661 3444 -1 2 -3 -4 -5 6 -7 -8 9 10 11 -12 13 14 15 16 -17 18 -19 20 0
uf20-0662 3050 1 2 -3 4 5 -6 -7 8 9 -10 -11 -12 -13 14 15 16 -17 18 19 20 0
uf20-0663 2632 1 2 -3 -4 -5 6 7 8 9 10 -11 -12 -13 14 -15 -16 17 -18 -19 -20 0
uf20-0664 4032 1 2 3 4 5 6 -7 -8 9 -10 -11 -12 13 -14 -15 16 -17 18 19 20 0
uf20-0665 2674 -1 2 -3 -4 5 -6 -7 8 9 10 11 12 -13 14 -15 16 17 -18 19 20 0
uf20-0666 2688 1 2 3 -4 5 -6 7 8 9 -10 -11 -12 -13 14 -15 -16 -17 -18 -19 20 0
uf20-0667 2856 -1 2 -3 4 5 6 -7 8 9 10 11 12 13 14 -15 -16 17 18 19 20 0
uf20-0668 3093 1 -2 3 4 -5 -6 7 -8 -9 10 -11 12 13 14 15 16 -17 -18 -19 20 0
uf20-0669 3528 1 2 -3 4 -5 -6 -7 -8 -9 10 11 -12 -13 14 15 16 -17 18 19 20 0
uf20-066 4116 1 2 -3 4 -5 6 7 -8 9 -10 11 12 -13 14 15 16 17 18 -19 20 0
uf20-0670 2520 -1 2 -3 4 5 -6 -7 -8 9 10 -11 12 -13 14 -15 -16 -17 18 -19 -20 0
uf20-0671 2298 -1 -2 -3 -4 5 6 -7 -8 -9 10 -11 12 13 14 15 -16 17 -18 -19 20 0
uf20-0672 3136 1 -2 3 4 -5 6 -7 -8 9 10 11 -12 13 -14 15 -16 -17 18 -19 -20 0
uf20-0673 1381 -1 2 -3 4 5 6 -7 -8 -9 10 11 12 -13 14 -15 16 -17 -18 19 20 0
uf20-0674 2352 -1 -2 3 -4 -5 -6 -7 8 -9 -10 11 -12 13 14 15 -16 -17 18 -19 -20 0
uf20-0675 4200 1 2 3 4 -5 -6 7 8 9 -10 -11 12 13 14 15 -16 -17 18 -19 20 0
uf20-0676 2268 -1 -2 -3 4 5 -6 -7 8 -9 10 11 12 13 -14 -15 16 -17 -18 19 20 0
uf20-0677 2832 -1 -2 3 4 -5 6 7 -8 -9 10 -11 -12 13 14 -15 16 17 18 19 -20 0
uf20-0678 3360 -1 2 3 4 5 6 -7 -8 -9 10 -11 12 -13 -14 -15 16 -17 -18 19 20 0
uf20-0679 5136 -1 2 3 4 5 6 7 8 9 10 -11 12 -13 14 15 16 17 18 19 20 0
uf20-067 3128 1 -2 -3 -4 5 -6 7 8 9 -10 11 12 -13 -14 15 16 17 -18 19 20 0
uf20-0680 4200 -1 2 3 4 -5 -6 7 8 9 -10 -11 -12 13 14 15 16 17 18 19 -20 0
uf20-0681 4122 1 2 3 4 5 -6 -7 8 9 10 -11 -12 13 -14 15 16 -17 18 19 20 0
uf20-0682 2832 -1 2 -3 -4 -5 -6 -7 8 -9 -10 11 -12 13 14 15 16 17 18 19 20 0
uf20-0683 4032 1 -2 -3 -4 -5 6 7 8 -9 -10 11 -12 13 14 15 16 17 -18 19 20 0
uf20-0684 3024 -1 2 -3 -4 -5 -6 7 -8 9 10 -11 -12 13 14 15 16 -17 18 -19 -20 0
uf20-0685 3597 -1 2 -3 4 -5 6 -7 8 9 10 11 12 -13 14 15 -16 17 -18 19 20 0
uf20-0686 2880 1 -2 -3 4 5 6 -7 8 9 -10 -11 -12 -13 14 -15 -16 17 18 19 -20 0
uf20-0687 3528 -1 2 3 -4 -5 6 7 -8 -9 -10 11 12 13 -14 -15 16 17 18 -19 20 0
uf20-0688 2100 1 -2 3 4 5 6 7 -8 -9 10 -11 -12 -13 -14 -15 16 17 18 19 20 0
uf20-0689 3711 1 2 3 -4 5 6 -7 -8 9 10 11 12 13 14 -15 16 -17 -18 19 -20 0
uf20-068 3472 -1 2 3 4 -5 6 -7 8 9 -10 11 -12 13 14 15 16 -17 18 -19 20 0
uf20-0690 3086 1 2 3 4 5 -6 7 -8 9 -10 -11 -12 13 -14 15 -16 -17 18 19 20 0
uf20-0691 4032 1 2 -3 -4 5 -6 7 8 -9 10 -11 12 13 -14 15 -16 17 18 19 -20 0
uf20-0692 3696 -1 2 -3 4 5 -6 -7 -8 9 10 11 -12 13 14 15 -16 17 -18 19 20 0
uf20-0693 3864 -1 -2 -3 -4 5 -6 7 -8 9 10 11 -12 13 14 15 16 17 -18 19 20 0
uf20-0694 4200 -1 2 3 4 5 6 -7 -8 9 10 11 12 -13 -14 -15 -16 17 18 19 20 0
uf20-0695 5208 1 2 3 -4 5 6 7 8 9 10 -11 -12 13 14 15 16 -17 18 19 20 0
uf20-0696 3415 1 2 3 4 5 6 -7 8 9 10 -11 12 -13 -14 15 -16 -17 18 -19 -20 0
uf20-0697 3542 -1 2 -3 -4 5 6 7 8 -9 10 -11 12 13 -14 15 16 17 18 19 -20 0
uf20-0698 4704 -1 -2 3 4 5 6 7 8 -9 10 11 12 -13 14 15 16 17 -18 19 -20 0
uf20-0699 2436 -1 2 3 4 -5 -6 -7 8 -9 -10 11 12 -13 -14 -15 16 17 -18 -19 -20 0
uf20-069 3192 1 2 3 4 -5 -6 -7 -8 9 -10 11 -12 13 14 -15 -16 17 -18 19 -20 0
uf20-06 4368 1 2 -3 -4 5 -6 -7 8 -9 10 11 12 -13 14 15 16 17 18 19 20 0
uf20-0700 3696 -1 2 -3 4 5 6 7 -8 9 -10 11 12 -13 -14 -15 16 -17 18 19 -20 0
uf20-0701 3024 1 2 3 4 -5 -6 7 8 9 -10 -11 12 13 -14 -15 -16 -17 -18 -19 -20 0
uf20-0702 3548 1 2 3 4 5 6 7 8 9 10 -11 12 13 14 -15 -16 17 18 19 20 0
uf20-0703 3034 -1 2 -3 4 5 6 7 8 -9 10 -11 12 13 14 -15 -16 17 -18 19 -20 0
uf20-0704 2016 1 -2 3 -4 5 -6 7 -8 -9 -10 -11 12 -13 14 -15 16 17 -18 -19 20 0
uf20-0705 3864 -1 2 3 4 5 6 7 8 -9 -10 11 12 -13 -14 -15 16 17 18 -19 -20 0
uf20-0706 2987 -1 -2 -3 4 5 -6 7 -8 9 10 11 -12 13 -14 -15 16 17 18 19 20 0
uf20-0707 2688 -1 -2 3 4 -5 6 -7 -8 9 10 -11 -12 -13 14 15 16 -17 -18 19 20 0
uf20-0708 3696 1 -2 3 -4 5 6 7 8 -9 10 11 12 -13 -14 -15 -16 17 18 -19 -20 0
uf20-0709 3699 1 -2 3 -4 -5 -6 7 8 9 10 -11 -12 13 14 15 16 17 18 19 20 0
uf20-070 3013 1 -2 -3 4 -5 -6 -7 8 9 10 11 -12 -13 14 15 16 17 18 19 -20 0
uf20-0710 2184 -1 -2 -3 -4 5 -6 -7 8 9 -10 -11 12 13 -14 15 16 -17 -18 -19 20 0
uf20-0711 2940 -1 2 -3 4 -5 6 -7 -8 9 10 11 -12 -13 -14 -15 -16 17 18 19 20 0
uf20-0712 3696 -1 2 3 -4 -5 6 -7 -8 -9 10 -11 12 13 14 -15 -16 17 18 19 20 0
uf20-0713 3192 1 -2 -3 4 5 6 -7 8 9 -10 11 -12 -13 -14 15 16 17 18 -19 20 0
uf20-0714 3981 -1 2 -3 4 5 -6 -7 8 9 10 -11 12 13 14 15 16 17 18 19 20 0
uf20-0715 3360 1 -2 3 4 -5 -6 -7 8 -9 10 11 -12 13 14 15 -16 17 -18 -19 -20 0
uf20-0716 3360 -1 -2 -3 4 -5 6 -7 8 9 10 -11 -12 13 14 -15 16 17 -18 -19 20 0
uf20-0717 3864 1 2 3 4 5 -6 7 8 -9 10 -11 12 -13 14 15 -16 -17 18 -19 -20 0
uf20-0718 1904 -1 -2 3 -4 -5 -6 7 -8 -9 10 11 12 -13 -14 -15 16 -17 -18 19 -20 0
uf20-0719 2689 -1 2 -3 -4 -5 6 -7 -8 9 -10 11 12 13 -14 -15 -16 -17 18 19 20 0
uf20-071 2461 1 -2 3 4 -5 6 -7 -8 9 -10 11 -12 13 14 -15 -16 -17 -18 -19 20 0
uf20-0720 2784 1 -2 3 4 -5 -6 -7 8 -9 10 11 -12 -13 -14 15 16 -17 -18 19 20 0
uf20-0721 3584 -1 2 3 4 -5 -6 7 -8 9 -10 -11 12 13 14 15 16 17 18 19 20 0
uf20-0722 3695 1 -2 -3 4 5 -6 7 8 -9 10 11 12 -13 14 15 -16 17 18 19 20 0
uf20-0723 3696 1 -2 -3 4 5 6 7 -8 9 10 11 -12 -13 -14 15 -16 17 -18 19 20 0
uf20-0724 4478 1 2 3 4 5 -6 7 8 -9 10 11 12 13 -14 15 16 17 18 19 20 0
uf20-0725 2688 1 -2 -3 -4 5 6 7 8 -9 -10 -11 -12 13 -14 -15 16 17 -18 -19 -20 0
uf20-0726 3192 1 2 3 -4 -5 -6 7 8 9 -10 11 12 -13 -14 15 -16 17 18 -19 20 0
uf20-0727 3177 -1 2 3 4 -5 6 -7 8 9 -10 11 12 13 14 15 -16 17 -18 -19 20 0
uf20-0728 2352 1 2 3 -4 -5 -6 -7 -8 -9 -10 -11 12 -13 -14 -15 -16 17 18 19 20 0
uf20-0729 3024 -1 -2 3 -4 5 -6 -7 -8 9 -10 -11 12 13 14 -15 -16 17 18 -19 20 0
uf20-072 2184 -1 -2 -3 -4 5 6 -7 -8 9 -10 11 12 -13 -14 15 -16 -17 18 -19 20 0
uf20-0730 3617 1 2 3 4 5 -6 -7 8 9 10 -11 -12 13 -14 15 16 -17 -18 19 20 0
uf20-0731 3696 -1 -2 3 4 -5 6 7 8 9 -10 11 -12 13 14 15 -16 17 -18 19 -20 0
uf20-0732 2958 1 2 -3 4 -5 -6 -7 8 9 10 -11 -12 13 14 15 16 17 -18 -19 -20 0
uf20-0733 4704 1 2 3 4 5 -6 -7 8 -9 10 11 -12 -13 14 15 16 17 18 19 -20 0
uf20-0734 3877 1 2 -3 4 5 -6 -7 -8 9 10 11 12 13 14 15 16 17 -18 -19 20 0
uf20-0735 2016 1 2 3 4 -5 -6 -7 -8 -9 10 -11 -12 -13 -14 -15 -16 -17 -18 19 -20 0
uf20-0736 3192 -1 2 -3 4 5 -6 7 -8 9 -10 -11 -12 -13 14 15 -16 17 -18 19 20 0
uf20-0737 2856 1 2 3 -4 -5 -6 7 -8 -9 10 11 12 13 14 15 -16 -17 -18 -19 20 0
uf20-0738 2688 -1 2 3 4 -5 6 7 8 9 10 11 -12 13 -14 -15 16 17 18 19 20 0
uf20-0739 3136 1 -2 3 -4 5 6 7 8 -9 10 -11 -12 -13 14 15 -16 -17 -18 19 -20 0
uf20-073 4200 1 2 -3 -4 -5 6 7 -8 9 10 -11 12 13 -14 -15 16 17 18 19 20 0
uf20-0740 3192 1 2 3 -4 5 -6 -7 -8 -9 10 11 -12 -13 -14 15 -16 17 18 -19 20 0
uf20-0741 2324 1 -2 3 4 5 6 7 -8 -9 -10 11 -12 -13 -14 -15 -16 17 18 -19 -20 0
uf20-0742 3671 1 2 3 4 5 -6 7 8 9 -10 11 -12 -13 14 15 16 17 18 19 20 0
uf20-0743 2688 -1 2 -3 4 5 -6 7 8 -9 -10 -11 -12 -13 -14 15 16 17 -18 -19 20 0
uf20-0744 3899 1 -2 3 -4 -5 6 7 8 -9 -10 11 -12 13 -14 15 16 17 18 19 20 0
uf20-0745 2989 -1 2 3 -4 5 6 7 8 9 -10 11 -12 -13 14 15 -16 -17 -18 -19 20 0
uf20-0746 3984 1 2 3 4 5 6 7 -8 9 10 -11 -12 -13 14 15 -16 -17 -18 19 20 0
uf20-0747 3024 -1 -2 -3 -4 -5 6 -7 8 -9 10 11 12 13 14 15 -16 17 -18 19 20 0
uf20-0748 2532 1 -2 3 4 5 6 -7 8 9 -10 -11 -12 -13 -14 -15 16 -17 18 -19 20 0
uf20-0749 4033 -1 -2 3 -4 5 6 -7 -8 9 10 -11 12 13 -14 15 16 17 18 19 20 0
uf20-074 2688 1 -2 3 -4 5 -6 -7 -8 -9 10 -11 -12 -13 14 -15 16 -17 18 19 -20 0
uf20-0750 4536 1 2 3 -4 5 6 -7 -8 9 -10 11 -12 13 14 -15 16 17 18 19 20 0
uf20-0751 3361 -1 -2 3 4 5 6 7 -8 -9 -10 -11 -12 -13 14 15 16 17 -18 19 20 0
uf20-0752 3276 1 -2 3 -4 5 -6 7 8 9 10 11 -12 13 -14 -15 16 17 18 -19 -20 0
uf20-0753 2624 1 2 -3 -4 5 6 -7 -8 9 10 11 -12 -13 14 15 16 -17 -18 -19 20 0
uf20-0754 3721 1 2 3 4 -5 6 7 -8 -9 -10 -11 12 -13 14 -15 16 17 18 19 20 0
uf20-0755 3696 1 2 3 -4 5 -6 7 -8 9 10 11 -12 13 -14 15 -16 17 -18 -19 -20 0
uf20-0756 3192 1 -2 3 4 5 -6 7 8 -9 -10 -11 12 -13 -14 15 -16 -17 18 19 20 0
uf20-0757 2958 1 -2 3 -4 5 6 -7 -8 -9 10 11 -12 -13 -14 15 -16 -17 18 19 20 0
uf20-0758 3096 1 2 3 4 -5 -6 7 -8 9 10 -11 12 13 14 -15 -16 17 -18 -19 20 0
uf20-0759 3024 1 2 3 -4 5 -6 -7 -8 9 10 11 -12 -13 -14 -15 16 17 -18 -19 -20 0
uf20-075 3150 1 -2 3 -4 5 -6 7 -8 9 10 11 12 -13 -14 15 16 17 -18 19 -20 0
uf20-0760 2884 1 2 3 -4 5 -6 -7 -8 -9 -10 -11 -12 13 -14 15 16 17 18 19 20 0
uf20-0761 3129 1 2 -3 4 5 -6 7 -8 9 10 11 -12 13 14 15 16 17 -18 19 20 0
uf20-0762 3360 1 -2 3 -4 5 6 -7 8 9 -10 -11 12 13 14 -15 -16 17 -18 19 -20 0
uf20-0763 2688 1 -2 -3 -4 5 6 -7 8 9 -10 -11 -12 -13 14 -15 -16 -17 18 -19 20 0
uf20-0764 3696 1 -2 3 4 5 6 7 -8 -9 10 -11 -12 13 14 -15 16 -17 -18 19 -20 0
uf20-0765 2856 -1 2 3 -4 5 -6 -7 8 9 10 11 12 -13 -14 -15 16 17 -18 19 -20 0
uf20-0766 3460 1 2 -3 4 -5 6 7 8 -9 -10 -11 12 -13 14 15 16 -17 -18 19 20 0
uf20-0767 3453 1 2 3 4 5 6 7 8 -9 10 11 12 -13 -14 -15 16 -17 18 -19 20 0
uf20-0768 2670 -1 -2 3 -4 -5 -6 7 -8 -9 10 11 12 13 14 -15 16 17 18 -19 20 0
uf20-0769 3696 -1 -2 3 4 5 6 -7 -8 9 10 11 12 13 14 -15 16 -17 18 -19 -20 0
uf20-076 3024 -1 -2 3 -4 -5 6 7 -8 9 -10 11 -12 -13 -14 -15 16 -17 18 19 20 0
uf20-0770 2968 -1 2 3 4 -5 -6 -7 -8 9 -10 -11 12 13 14 15 -16 17 18 -19 20 0
uf20-0771 3864 1 2 3 -4 5 6 -7 8 -9 -10 11 -12 13 14 15 -16 17 18 -19 -20 0
uf20-0772 2839 -1 2 -3 4 -5 6 -7 8 9 10 -11 12 13 14 15 -16 17 18 -19 -20 0
uf20-0773 2911 1 -2 3 4 5 -6 7 8 9 10 -11 -12 -13 14 -15 -16 17 -18 19 20 0
uf20-0774 3115 1 -2 -3 4 -5 6 -7 8 -9 10 11 12 13 -14 15 16 -17 -18 -19 20 0
uf20-0775 2688 1 -2 -3 4 -5 -6 -7 -8 9 10 11 12 -13 -14 -15 16 -17 -18 -19 20 0
uf20-0776 2092 1 2 3 -4 5 -6 -7 -8 -9 -10 11 12 13 -14 -15 16 -17 18 -19 -20 0
uf20-0777 3528 -1 2 -3 4 5 -6 7 -8 9 -10 11 12 -13 -14 15 16 -17 18 19 -20 0
uf20-0778 3698 1 2 -3 4 5 -6 -7 8 -9 10 11 12 -13 14 15 16 -17 18 -19 20 0
uf20-0779 3276 1 2 -3 4 -5 -6 7 8 9 -10 11 12 -13 -14 15 -16 17 -18 -19 20 0
uf20-077 2856 1 -2 -3 -4 5 -6 7 -8 9 10 11 12 13 -14 15 16 -17 -18 -19 20 0
uf20-0780 2688 -1 -2 3 -4 -5 6 7 -8 9 10 11 -12 -13 14 15 16 -17 -18 19 -20 0
uf20-0781 2856 1 -2 -3 4 -5 -6 -7 -8 9 10 -11 -12 -13 -14 15 16 17 18 19 -20 0
uf20-0782 3024 1 -2 3 -4 5 -6 7 -8 9 10 -11 -12 -13 -14 15 16 17 -18 -19 -20 0
uf20-0783 4200 -1 2 -3 4 -5 -6 7 8 9 -10 11 -12 13 14 15 16 17 -18 19 20 0
uf20-0784 3395 1 -2 -3 -4 -5 6 7 8 -9 -10 11 12 13 14 15 16 -17 -18 19 20 0
uf20-0785 2625 -1 -2 3 -4 -5 6 7 8 -9 10 11 12 13 -14 15 -16 17 18 -19 -20 0
uf20-0786 3395 1 -2 3 4 5 6 7 8 -9 10 11 12 13 14 -15 -16 -17 -18 19 20 0
uf20-0787 1981 -1 -2 3 -4 -5 -6 -7 -8 9 -10 11 12 13 14 15 -16 17 18 -19 20 0
uf20-0788 3628 1 2 -3 4 -5 6 7 8 9 10 -11 -12 13 -14 15 16 17 -18 19 -20 0
uf20-0789 4480 1 2 3 -4 -5 6 7 -8 9 10 11 12 -13 14 15 16 -17 18 19 -20 0
uf20-078 3528 1 -2 3 4 5 -6 7 -8 9 -10 11 12 -13 -14 15 -16 17 18 19 20 0
uf20-0790 3612 1 2 -3 4 5 -6 7 8 9 -10 -11 -12 13 14 -15 16 -17 -18 19 20 0
uf20-0791 3024 -1 2 -3 4 -5 -6 -7 -8 9 10 11 12 13 14 15 -16 -17 -18 -19 -20 0
uf20-0792 2449 -1 2 -3 4 -5 -6 7 -8 -9 10 11 -12 13 14 15 -16 17 18 19 -20 0
uf20-0793 3168 -1 2 3 4 5 -6 -7 8 9 10 11 -12 13 -14 15 -16 17 -18 -19 -20 0
uf20-0794 8027 1 -2 3 4 5 -6 -7 8 9 10 11 12 -13 14 -15 16 -17 18 -19 -20 0
uf20-0795 7021 -1 -2 3 4 5 -6 7 8 -9 10 -11 12 -13 -14 15 16 17 18 19 20 0
uf20-0796 6282 -1 -2 3 -4 5 6 -7 8 -9 -10 -11 12 -13 -14 -15 -16 17 18 19 20 0
uf20-0797 6332 1 2 3 4 -5 -6 7 8 -9 10 11 -12 13 14 15 16 17 18 -19 -20 0
uf20-0798 9423 1 2 3 4 5 -6 7 -8 -9 -10 11 -12 13 14 15 16 17 18 -19 20 0
uf20-0799 5584 1 -2 3 -4 -5 6 -7 8 -9 10 11 12 -13 -14 -15 16 17 18 19 -20 0
uf20-079 6225 1 -2 3 4 5 6 -7 -8 9 10 11 12 -13 14 -15 -16 17 -18 -19 20 0
uf20-07 6947 -1 -2 3 4 -5 6 7 8 9 -10 -11 12 13 -14 15 -16 -17 18 19 20 0
uf20-0800 8725 1 2 3 -4 5 6 7 8 9 -10 11 12 -13 -14 -15 16 17 18 19 -20 0
uf20-0801 7329 1 2 3 -4 5 6 7 8 9 10 11 -12 -13 14 15 16 17 -18 19 -20 0
uf20-0802 7851 1 -2 -3 4 5 -6 7 -8 -9 10 -11 12 13 14 -15 16 17 18 19 20 0
uf20-0803 7677 -1 2 3 4 5 6 7 -8 9 10 -11 12 13 14 15 -16 17 -18 19 -20 0
uf20-0804 6447 1 -2 3 4 5 -6 -7 8 -9 -10 -11 12 -13 14 15 16 17 -18 19 20 0
uf20-0805 8608 -1 -2 3 -4 -5 6 7 -8 9 10 11 12 13 14 15 16 -17 18 19 20 0
uf20-0806 8027 -1 -2 -3 4 -5 -6 7 8 9 10 11 12 13 -14 15 -16 17 -18 19 20 0
uf20-0807 8459 -1 2 3 4 5 -6 7 -8 -9 -10 11 -12 13 14 15 16 17 18 19 20 0
uf20-0808 5584 -1 2 3 -4 -5 -6 -7 8 -9 10 -11 -12 13 -14 15 16 -17 -18 -19 20 0
uf20-0809 5252 -1 -2 3 4 5 6 -7 8 -9 10 -11 -12 -13 14 15 16 17 18 19 20 0
uf20-080 7619 1 -2 3 -4 5 -6 7 8 9 10 11 12 13 -14 15 16 17 -18 -19 20 0
uf20-0810 5070 1 2 3 -4 -5 6 7 8 -9 10 -11 -12 -13 14 -15 -16 17 -18 19 -20 0
uf20-0811 5582 1 2 3 4 -5 -6 -7 8 9 -10 11 -12 -13 14 15 16 17 18 -19 -20 0
uf20-0812 8376 1 2 -3 4 5 6 7 -8 -9 -10 11 12 -13 14 -15 -16 17 18 19 -20 0
uf20-0813 5350 1 2 3 4 5 -6 7 -8 9 10 11 12 13 14 -15 -16 17 18 -19 -20 0
uf20-0814 6120 1 2 3 -4 5 6 7 -8 -9 -10 -11 -12 13 14 15 16 -17 -18 19 -20 0
uf20-0815 6980 -1 -2 3 -4 5 6 7 -8 9 -10 -11 12 13 -14 15 16 -17 -18 -19 20 0
uf20-0816 5982 1 2 -3 -4 5 -6 7 -8 -9 -10 -11 12 13 14 15 -16 17 -18 19 -20 0
uf20-0817 5040 1 -2 3 -4 -5 6 -7 8 9 10 11 -12 13 14 15 -16 -17 -18 -19 20 0
uf20-0818 5584 1 -2 3 -4 -5 6 -7 -8 -9 -10 11 -12 13 -14 15 16 -17 18 19 -20 0
uf20-0819 6749 1 2 -3 4 -5 6 7 8 -9 -10 11 -12 13 14 15 16 17 18 19 -20 0
uf20-081 6631 1 2 -3 4 -5 6 -7 -8 9 10 11 12 13 -14 -15 -16 -17 18 -19 -20 0
uf20-0820 7098 1 2 3 -4 5 -6 7 8 9 -10 11 12 13 14 15 16 -17 -18 19 -20 0
uf20-0821 5206 1 -2 -3 4 -5 -6 7 8 -9 10 -11 12 -13 14 15 -16 -17 -18 19 -20 0
uf20-0822 4675 1 2 3 -4 -5 -6 -7 8 9 -10 11 12 13 -14 -15 16 -17 -18 -19 20 0
uf20-0823 6980 -1 -2 3 4 -5 6 -7 8 -9 10 11 -12 -13 14 -15 16 17 18 -19 20 0
uf20-0824 6223 1 -2 3 -4 5 -6 -7 -8 9 10 11 -12 -13 14 15 -16 17 18 19 20 0
uf20-0825 5583 -1 2 -3 -4 -5 6 -7 -8 -9 -10 11 -12 13 14 -15 16 17 18 19 -20 0
uf20-0826 7678 1 2 3 -4 5 6 7 -8 9 -10 11 12 -13 -14 -15 -16 -17 18 -19 20 0
uf20-0827 6980 1 2 -3 -4 5 6 -7 -8 9 -10 -11 12 -13 14 -15 16 -17 18 -19 20 0
uf20-0828 7726 1 -2 3 4 5 6 7 -8 9 10 11 -12 -13 14 15 16 17 -18 19 20 0
uf20-0829 6282 -1 2 -3 -4 -5 6 7 8 -9 10 11 12 -13 -14 15 -16 17 -18 19 -20 0
uf20-082 7604 1 2 3 4 -5 -6 -7 -8 9 10 11 -12 13 14 -15 16 17 18 -19 20 0
uf20-0830 5933 1 -2 -3 -4 -5 6 -7 -8 9 -10 11 -12 13 14 -15 -16 17 18 19 -20 0
uf20-0831 7329 -1 2 -3 4 -5 6 7 8 9 10 11 12 -13 -14 15 -16 17 18 -19 20 0
uf20-0832 4943 1 2 3 -4 5 -6 -7 -8 9 -10 11 -12 -13 -14 -15 16 17 -18 19 20 0
uf20-0833 5304 -1 2 3 -4 5 -6 7 8 -9 -10 -11 12 -13 14 -15 -16 17 -18 19 -20 0
uf20-0834 4536 -1 -2 3 4 -5 -6 7 8 9 -10 -11 -12 -13 14 -15 16 17 -18 -19 -20 0
uf20-0835 6715 1 -2 3 4 5 -6 7 8 -9 -10 11 12 13 14 15 -16 -17 18 19 -20 0
uf20-0836 6979 -1 2 -3 -4 5 6 7 -8 9 10 11 -12 13 -14 -15 16 17 -18 -19 20 0
uf20-0837 8376 -1 -2 3 4 5 6 7 -8 9 10 -11 12 -13 14 -15 -16 17 18 19 -20 0
uf20-0838 5560 -1 -2 -3 -4 5 -6 7 8 9 -10 11 -12 13 14 -15 16 17 18 19 20 0
uf20-0839 6457 -1 2 3 4 -5 -6 7 8 -9 10 11 12 13 -14 -15 16 -17 -18 -19 20 0
uf20-083 5815 1 2 3 4 5 -6 -7 -8 9 10 11 -12 -13 14 -15 -16 17 -18 -19 20 0
uf20-0840 7678 1 -2 -3 -4 5 -6 -7 -8 -9 -10 11 12 13 -14 15 16 17 18 19 20 0
uf20-0841 10004 1 2 3 4 -5 -6 -7 8 9 10 11 12 13 14 -15 16 17 18 19 -20 0
uf20-0842 6980 1 -2 3 -4 -5 6 -7 8 9 10 11 -12 -13 -14 15 16 -17 -18 -19 20 0
uf20-0843 5876 1 -2 3 4 -5 -6 -7 8 9 -10 11 -12 -13 14 -15 16 17 18 19 -20 0
uf20-0844 6901 1 2 3 4 5 -6 -7 8 9 10 -11 12 -13 -14 -15 16 17 18 -19 20 0
uf20-0845 5232 1 -2 -3 -4 5 -6 -7 -8 9 10 11 -12 13 -14 15 16 -17 18 -19 20 0
uf20-0846 8899 1 2 3 4 -5 6 7 8 9 -10 11 12 13 14 -15 16 17 -18 19 20 0
uf20-0847 5817 -1 2 3 4 5 6 -7 8 9 -10 -11 12 -13 14 -15 -16 -17 18 -19 -20 0
uf20-0848 5933 1 2 -3 4 -5 6 -7 8 -9 -10 -11 12 13 -14 15 16 -17 -18 -19 -20 0
uf20-0849 6282 1 -2 -3 4 -5 6 7 -8 9 -10 11 -12 -13 14 -15 -16 17 -18 -19 20 0
uf20-084 8027 -1 -2 3 4 -5 6 -7 8 9 10 -11 -12 13 14 15 -16 17 18 19 20 0
uf20-0850 5932 1 -2 -3 -4 -5 -6 -7 8 9 -10 11 -12 13 -14 15 16 -17 18 19 20 0
uf20-0851 4886 -1 2 3 -4 5 -6 -7 -8 9 10 11 -12 -13 -14 15 -16 -17 -18 19 -20 0
uf20-0852 4816 1 2 3 -4 5 -6 7 -8 -9 -10 -11 12 -13 14 -15 16 17 -18 19 -20 0
uf20-0853 8725 1 2 3 4 5 6 -7 -8 -9 10 -11 -12 13 14 -15 16 17 18 -19 20 0
uf20-0854 5118 1 -2 3 -4 -5 6 7 8 9 10 -11 12 -13 14 -15 -16 17 -18 -19 -20 0
uf20-0855 7329 -1 -2 3 4 5 6 7 8 -9 10 11 12 -13 14 -15 -16 -17 -18 19 -20 0
uf20-0856 4746 -1 -2 3 4 5 -6 7 8 9 10 11 12 13 14 15 -16 17 -18 19 -20 0
uf20-0857 4537 -1 -2 3 4 -5 6 -7 -8 -9 10 11 12 -13 14 15 -16 17 -18 -19 -20 0
uf20-0858 8376 1 -2 3 4 5 -6 -7 8 -9 -10 -11 12 13 -14 15 16 17 -18 19 20 0
uf20-0859 7444 1 2 -3 4 -5 6 7 8 -9 10 11 -12 -13 14 15 16 17 -18 -19 20 0
uf20-085 9423 1 2 -3 4 -5 -6 7 8 9 10 11 12 -13 -14 15 16 17 -18 19 20 0
uf20-0860 4750 -1 -2 -3 4 -5 6 7 -8 -9 10 -11 12 13 14 -15 16 -17 -18 19 20 0
uf20-0861 4467 -1 2 -3 4 -5 6 7 -8 -9 -10 11 12 13 14 -15 -16 17 -18 -19 -20 0
uf20-0862 5982 1 -2 3 4 5 6 7 -8 -9 -10 -11 12 -13 14 15 16 17 -18 -19 20 0
uf20-0863 4711 -1 2 -3 4 -5 6 -7 8 9 10 -11 -12 -13 -14 15 16 -17 -18 -19 -20 0
uf20-0864 7677 1 -2 3 4 -5 -6 7 8 -9 10 11 12 13 -14 15 16 -17 18 -19 20 0
uf20-0865 5235 1 2 -3 4 -5 -6 -7 -8 9 -10 -11 12 -13 14 15 16 -17 18 -19 -20 0
uf20-0866 6375 1 -2 3 -4 -5 6 -7 -8 9 10 -11 12 13 14 -15 16 17 -18 -19 20 0
uf20-0867 6980 -1 2 -3 4 -5 -6 -7 8 9 10 -11 -12 -13 14 15 16 17 -18 19 -20 0
uf20-0868 6250 1 2 3 4 5 -6 7 8 9 -10 11 12 -13 -14 15 -16 -17 -18 -19 20 0
uf20-0869 4537 -1 2 -3 4 -5 -6 -7 8 -9 10 11 -12 -13 14 15 -16 -17 -18 -19 20 0
uf20-086 4653 -1 2 -3 -4 5 6 7 8 9 10 -11 -12 -13 14 15 -16 17 -18 -19 -20 0
uf20-0870 8995 1 -2 3 4 5 -6 7 -8 9 10 11 12 -13 -14 15 16 17 18 19 20 0
uf20-0871 8026 1 2 -3 4 -5 6 7 8 9 10 11 12 -13 14 -15 -16 17 18 -19 -20 0
uf20-0872 5197 1 -2 3 4 -5 -6 -7 -8 9 -10 -11 12 13 14 -15 -16 17 18 -19 20 0
uf20-0873 11168 1 2 3 4 5 -6 7 -8 9 10 11 -12 13 14 15 16 17 -18 19 20 0
uf20-0874 9184 1 2 -3 4 5 6 7 8 -9 10 11 -12 13 14 15 16 17 18 19 20 0
uf20-0875 6003 -1 -2 -3 -4 5 -6 -7 8 9 10 11 -12 13 14 -15 16 17 18 -19 -20 0
uf20-0876 6490 1 2 -3 -4 -5 -6 7 8 9 -10 -11 12 13 -14 -15 16 17 18 19 20 0
uf20-0877 7329 1 2 -3 -4 5 -6 7 8 -9 10 -11 12 -13 -14 15 16 17 -18 -19 20 0
uf20-0878 4707 -1 2 3 4 -5 6 -7 -8 -9 10 11 12 13 -14 -15 -16 -17 18 19 -20 0
uf20-0879 6980 1 -2 3 -4 5 -6 -7 8 9 10 -11 12 -13 -14 -15 16 17 18 -19 20 0
uf20-087 7503 1 2 3 -4 -5 6 7 8 -9 10 11 12 13 14 15 16 -17 -18 19 20 0
uf20-0880 6769 -1 2 -3 4 5 6 -7 -8 9 10 11 12 -13 14 15 16 -17 18 -19 -20 0
uf20-0881 11168 1 2 3 4 -5 6 7 -8 9 -10 11 12 13 -14 15 16 17 18 19 20 0
uf20-0882 6050 -1 2 3 -4 5 -6 -7 8 9 10 -11 -12 -13 14 15 -16 -17 18 19 -20 0
uf20-0883 6980 -1 -2 3 -4 5 6 7 8 9 -10 11 12 13 -14 -15 16 -17 -18 -19 -20 0
uf20-0884 6282 -1 2 -3 4 5 -6 7 -8 9 -10 11 -12 13 14 -15 16 -17 -18 -19 20 0
uf20-0885 7279 1 -2 3 4 -5 6 -7 -8 9 -10 11 12 13 14 -15 -16 -17 18 19 20 0
uf20-0886 7678 1 -2 -3 4 5 -6 7 -8 -9 -10 11 12 13 14 -15 16 -17 18 19 20 0
uf20-0887 6282 -1 -2 -3 4 5 -6 -7 -8 -9 10 11 12 -13 14 -15 16 17 -18 -19 20 0
uf20-0888 6398 1 -2 -3 -4 -5 6 -7 8 -9 10 -11 -12 13 14 15 16 17 18 -19 20 0
uf20-0889 7445 1 -2 -3 4 5 -6 -7 8 -9 10 -11 12 -13 14 15 -16 17 18 19 20 0
uf20-088 5316 1 2 -3 -4 -5 -6 -7 8 9 10 11 -12 13 14 15 16 -17 18 -19 -20 0
uf20-0890 4712 1 2 3 -4 -5 -6 -7 -8 -9 -10 11 12 13 -14 15 -16 17 18 19 -20 0
uf20-0891 6282 -1 2 -3 4 5 6 7 8 -9 -10 11 12 13 -14 15 -16 -17 -18 -19 -20 0
uf20-0892 5701 -1 -2 -3 -4 5 6 -7 -8 9 10 11 -12 13 -14 15 16 17 18 -19 -20 0
uf20-0893 4886 -1 2 3 -4 -5 6 -7 -8 -9 -10 11 -12 -13 -14 15 16 -17 -18 19 -20 0
uf20-0894 7678 1 2 3 4 -5 6 -7 8 -9 10 -11 -12 -13 14 -15 -16 17 18 19 20 0
uf20-0895 4289 1 -2 -3 4 5 -6 7 -8 -9 -10 -11 -12 -13 14 15 16 -17 -18 19 -20 0
uf20-0896 3490 -1 -2 -3 4 5 -6 -7 8 9 -10 -11 -12 -13 14 -15 -16 -17 -18 -19 -20 0
uf20-0897 7853 1 2 3 4 5 -6 7 8 -9 -10 11 -12 13 14 15 -16 -17 18 19 -20 0
uf20-0898 4962 -1 -2 -3 4 -5 6 -7 8 9 -10 11 -12 -13 -14 -15 16 17 -18 19 20 0
uf20-0899 8515 1 2 3 -4 5 6 -7 8 9 10 -11 12 13 -14 15 -16 -17 18 19 20 0
uf20-089 4735 1 -2 -3 -4 5 -6 -7 8 9 10 -11 12 -13 14 -15 -16 -17 -18 19 20 0
uf20-08 3839 -1 -2 3 4 -5 6 -7 -8 9 -10 11 -12 13 -14 -15 -16 -17 -18 -19 20 0
uf20-0900 7191 1 -2 3 -4 5 6 7 8 9 -10 -11 12 13 14 -15 16 17 18 -19 20 0
uf20-0901 9423 1 2 3 -4 5 -6 -7 8 9 10 -11 12 13 14 -15 16 17 -18 19 20 0
uf20-0902 5972 -1 2 3 4 5 -6 -7 8 9 -10 -11 12 13 -14 15 16 -17 -18 -19 -20 0
uf20-0903 6980 -1 -2 3 4 5 6 -7 8 -9 10 -11 12 -13 14 15 16 -17 -18 -19 20 0
uf20-0904 7538 1 -2 3 4 5 -6 -7 8 9 -10 -11 12 13 -14 -15 16 -17 18 19 20 0
uf20-0905 5957 -1 -2 3 -4 5 -6 7 -8 9 -10 -11 12 13 14 15 -16 17 18 19 20 0
uf20-0906 4362 -1 -2 3 4 5 -6 7 -8 9 10 -11 -12 13 -14 -15 -16 17 18 19 -20 0
uf20-0907 5322 -1 2 3 -4 -5 6 7 -8 -9 10 11 -12 -13 -14 15 16 -17 -18 19 20 0
uf20-0908 3839 -1 -2 -3 4 -5 6 -7 -8 9 -10 11 -12 -13 -14 15 -16 -17 18 -19 -20 0
uf20-0909 6700 -1 2 3 -4 5 -6 7 8 -9 10 -11 -12 -13 14 15 16 -17 18 -19 20 0
uf20-090 5084 1 -2 3 4 5 -6 -7 8 9 10 -11 -12 13 -14 -15 16 17 18 -19 20 0
uf20-0910 6331 -1 -2 3 4 5 6 -7 8 9 10 11 12 -13 14 15 -16 17 -18 -19 -20 0
uf20-0911 6638 -1 2 3 -4 -5 6 7 8 -9 10 11 12 -13 14 15 16 -17 -18 19 -20 0
uf20-0912 6980 1 2 3 -4 -5 6 -7 8 9 -10 11 -12 -13 14 15 -16 -17 18 19 -20 0
uf20-0913 7352 1 2 3 4 5 -6 7 8 -9 10 11 12 -13 14 -15 -16 -17 18 19 -20 0
uf20-0914 8027 1 -2 3 4 5 6 -7 -8 9 -10 11 12 13 -14 15 -16 17 -18 -19 20 0
uf20-0915 6436 -1 2 -3 -4 5 6 -7 8 -9 10 11 12 -13 14 15 16 17 -18 -19 -20 0
uf20-0916 8725 1 2 -3 4 -5 -6 7 8 -9 10 11 12 -13 14 15 16 17 18 19 -20 0
uf20-0917 5374 1 2 -3 -4 -5 -6 7 -8 -9 10 11 12 13 -14 -15 -16 -17 18 19 20 0
uf20-0918 5817 1 2 -3 -4 -5 6 -7 8 -9 10 11 -12 -13 -14 -15 16 -17 18 -19 20 0
uf20-0919 5932 -1 2 -3 4 5 6 7 -8 9 10 11 12 -13 -14 -15 -16 17 18 19 -20 0
uf20-091 4886 -1 -2 -3 4 5 -6 -7 -8 -9 -10 -11 -12 13 -14 15 16 -17 -18 19 20 0
uf20-0920 8513 1 2 3 4 -5 6 -7 8 -9 10 11 -12 13 14 -15 16 17 18 19 20 0
uf20-0921 7279 -1 -2 3 -4 5 -6 -7 8 9 10 11 12 13 -14 -15 16 17 18 19 20 0
uf20-0922 9074 1 2 -3 4 5 6 -7 8 -9 -10 11 -12 13 14 15 16 -17 18 19 20 0
uf20-0923 7759 1 2 3 -4 -5 -6 7 8 9 10 11 12 13 -14 15 16 17 -18 -19 20 0
uf20-0924 15054 -1 2 3 4 5 6 7 8 -9 -10 -11 12 -13 14 15 16 17 -18 -19 20 0
uf20-0925 9264 -1 2 3 -4 5 6 -7 8 9 -10 -11 -12 -13 14 15 -16 17 18 19 -20 0
uf20-0926 10422 -1 2 -3 4 5 -6 -7 -8 9 -10 11 -12 13 14 15 -16 -17 -18 19 20 0
uf20-0927 12158 -1 2 -3 4 5 -6 7 -8 -9 -10 11 12 -13 14 15 16 -17 18 19 20 0
uf20-0928 9843 -1 2 -3 4 -5 -6 -7 8 9 -10 11 12 -13 -14 -15 -16 17 18 -19 20 0
uf20-0929 10422 -1 2 -3 -4 5 -6 7 -8 9 -10 11 12 13 -14 15 16 -17 -18 -19 20 0
uf20-092 13896 1 -2 3 4 5 -6 7 8 -9 -10 11 12 13 14 15 16 17 -18 -19 -20 0
uf20-0930 9843 -1 2 3 -4 -5 -6 7 -8 9 -10 11 -12 -13 14 -15 -16 -17 18 19 20 0
uf20-0931 14186 -1 2 3 4 -5 6 7 8 9 10 11 12 13 -14 -15 16 -17 -18 19 20 0
uf20-0932 9726 1 2 -3 4 5 -6 7 8 -9 -10 -11 12 13 14 -15 -16 -17 18 19 20 0
uf20-0933 9554 -1 2 3 4 5 6 -7 -8 9 -10 -11 -12 -13 14 15 -16 17 -18 -19 20 0
uf20-0934 12995 1 -2 3 4 5 -6 7 8 9 -10 11 -12 13 14 15 16 -17 -18 19 -20 0
uf20-0935 16093 1 -2 3 4 5 6 7 8 -9 -10 -11 12 13 14 15 16 17 18 19 20 0
uf20-0936 12738 -1 -2 3 4 5 -6 -7 8 9 10 11 12 -13 -14 -15 16 17 -18 19 -20 0
uf20-0937 10422 -1 -2 -3 4 -5 -6 7 8 -9 10 -11 12 -13 -14 15 16 -17 -18 19 20 0
uf20-0938 16212 -1 2 -3 4 5 -6 7 8 -9 10 11 12 13 14 -15 16 17 -18 19 20 0
uf20-0939 11387 -1 2 3 -4 5 -6 7 8 9 -10 11 12 -13 14 -15 16 -17 -18 19 20 0
uf20-093 7334 -1 2 3 4 -5 -6 -7 -8 -9 -10 -11 12 13 14 15 -16 -17 18 19 20 0
uf20-0940 11791 -1 2 3 4 5 6 7 -8 -9 10 -11 12 13 -14 15 16 -17 -18 19 -20 0
uf20-0941 9126 -1 2 3 -4 -5 -6 -7 8 9 10 -11 -12 13 14 -15 16 17 -18 -19 20 0
uf20-0942 11231 1 2 3 4 5 6 7 -8 9 -10 11 -12 -13 -14 15 -16 17 -18 19 20 0
uf20-0943 9264 -1 2 -3 4 5 -6 7 -8 -9 -10 -11 12 -13 14 15 16 -17 -18 -19 -20 0
uf20-0944 8106 -1 2 3 4 5 -6 -7 -8 -9 -10 -11 -12 13 -14 15 16 -17 -18 19 -20 0
uf20-0945 9843 -1 2 -3 4 5 6 -7 -8 9 -10 -11 -12 13 14 -15 -16 17 -18 -19 20 0
uf20-0946 12983 1 -2 3 -4 5 6 7 -8 -9 -10 11 12 13 -14 -15 16 17 18 19 20 0
uf20-0947 8105 -1 -2 -3 4 -5 -6 -7 8 9 10 11 -12 -13 -14 15 16 -17 -18 19 20 0
uf20-0948 14475 -1 2 3 -4 -5 -6 7 8 -9 10 11 12 13 14 15 -16 17 18 19 -20 0
uf20-0949 8767 1 -2 -3 4 -5 6 -7 -8 9 -10 11 12 13 14 -15 -16 17 -18 -19 -20 0
uf20-094 12159 1 2 3 -4 5 -6 -7 8 -9 10 11 -12 13 -14 -15 16 17 18 -19 -20 0
uf20-0950 12738 1 -2 3 -4 5 6 7 8 -9 -10 -11 12 13 14 -15 -16 17 -18 -19 20 0
uf20-0951 8810 1 2 -3 4 -5 6 -7 8 9 10 -11 12 -13 -14 15 -16 17 18 -19 20 0
uf20-0952 9495 1 -2 3 -4 5 -6 -7 8 9 10 11 -12 13 -14 -15 -16 -17 18 -19 20 0
uf20-0953 10362 -1 -2 3 4 5 6 7 -8 9 -10 11 12 -13 -14 15 16 17 18 19 -20 0
uf20-0954 12738 -1 2 3 -4 5 6 -7 -8 -9 10 -11 12 13 14 15 -16 17 -18 -19 20 0
uf20-0955 9726 1 2 3 -4 -5 -6 7 -8 -9 10 -11 -12 13 -14 15 16 -17 18 19 20 0
uf20-0956 11966 -1 2 -3 4 -5 6 -7 -8 9 -10 11 -12 -13 14 -15 16 17 18 19 20 0
uf20-0957 10615 1 -2 3 -4 5 -6 7 -8 9 -10 -11 -12 -13 14 15 -16 17 18 -19 20 0
uf20-0958 8106 1 -2 3 4 -5 6 -7 -8 -9 10 -11 -12 -13 -14 15 16 -17 -18 -19 20 0
uf20-0959 10129 1 -2 -3 4 -5 -6 7 8 9 10 -11 -12 -13 -14 15 16 -17 18 19 20 0
uf20-095 16212 1 -2 3 -4 -5 -6 7 8 9 10 11 12 13 14 15 16 17 18 -19 20 0
uf20-0960 11580 1 -2 3 4 -5 6 7 8 9 -10 -11 -12 -13 14 15 -16 -17 -18 19 -20 0
uf20-0961 9030 1 2 -3 -4 -5 -6 7 8 9 10 11 -12 -13 -14 15 -16 17 18 -19 -20 0
uf20-0962 9264 1 2 -3 4 -5 6 -7 -8 9 -10 -11 -12 -13 14 15 -16 -17 -18 -19 20 0
uf20-0963 10423 1 -2 -3 4 5 -6 -7 8 9 -10 -11 -12 13 -14 15 16 -17 18 19 20 0
uf20-0964 7868 1 -2 -3 4 5 6 -7 8 -9 10 -11 -12 13 14 15 16 17 -18 -19 20 0
uf20-0965 10239 1 2 3 4 -5 -6 -7 8 -9 -10 11 12 -13 14 15 16 -17 18 -19 20 0
uf20-0966 10277 -1 -2 3 4 -5 -6 -7 8 9 -10 11 -12 13 14 -15 16 17 18 19 20 0
uf20-0967 15440 -1 2 3 -4 5 6 7 -8 -9 -10 11 12 13 14 15 16 17 18 19 20 0
uf20-0968 8394 1 2 3 4 -5 6 -7 -8 -9 -10 11 -12 -13 -14 -15 -16 17 -18 19 20 0
uf20-0969 10422 -1 2 3 4 5 6 7 -8 -9 -10 -11 12 -13 -14 -15 -16 -17 18 19 20 0
uf20-096 9264 -1 2 -3 4 -5 6 -7 8 -9 -10 11 -12 -13 -14 15 16 17 -18 -19 -20 0
uf20-0970 10132 1 -2 3 -4 5 -6 7 8 9 -10 -11 -12 13 -14 -15 16 -17 18 19 20 0
uf20-0971 15054 1 -2 -3 4 5 -6 -7 8 9 10 11 12 -13 -14 -15 16 17 18 19 20 0
uf20-0972 9264 1 -2 -3 -4 -5 6 -7 -8 -9 -10 -11 12 -13 14 15 16 -17 -18 19 20 0
uf20-0973 12159 -1 2 -3 4 5 -6 7 -8 9 -10 -11 -12 13 14 15 16 17 -18 -19 20 0
uf20-0974 9264 1 -2 -3 4 5 6 -7 -8 -9 -10 -11 -12 -13 14 15 -16 17 -18 19 20 0
uf20-0975 12802 1 -2 3 4 -5 6 -7 -8 9 10 -11 12 13 -14 -15 16 17 18 19 20 0
uf20-0976 8685 -1 -2 3 -4 -5 -6 -7 8 9 -10 -11 -12 13 14 -15 16 -17 -18 19 20 0
uf20-0977 11001 1 2 -3 4 5 6 7 -8 -9 -10 -11 -12 13 -14 15 -16 17 -18 -19 20 0
uf20-0978 12738 1 -2 -3 4 5 -6 7 8 -9 -10 -11 12 -13 14 15 -16 17 -18 19 20 0
uf20-0979 13896 1 -2 3 4 5 6 -7 -8 9 10 11 12 -13 14 -15 16 17 -18 -19 -20 0
uf20-097 8396 1 2 3 -4 5 -6 7 -8 9 10 -11 -12 -13 -14 15 16 -17 -18 -19 -20 0
uf20-0980 8106 1 -2 3 -4 -5 6 -7 8 9 -10 -11 -12 -13 14 -15 16 -17 -18 -19 -20 0
uf20-0981 11348 -1 2 3 4 5 -6 -7 8 -9 -10 11 12 -13 -14 15 16 17 18 -19 -20 0
uf20-0982 9843 1 -2 3 4 5 -6 -7 8 -9 10 11 -12 -13 14 -15 16 -17 18 -19 20 0
uf20-0983 7528 1 2 -3 -4 5 -6 7 -8 -9 10 -11 -12 -13 14 -15 16 17 -18 -19 20 0
uf20-0984 10422 1 -2 -3 -4 5 -6 7 8 -9 -10 11 -12 13 -14 -15 -16 17 18 19 -20 0
uf20-0985 12159 1 -2 3 4 5 -6 -7 -8 9 -10 11 12 -13 14 -15 -16 17 -18 19 20 0
uf20-0986 7720 1 2 -3 4 5 6 -7 -8 -9 -10 11 12 13 -14 15 -16 -17 18 -19 -20 0
uf20-0987 9843 -1 2 -3 4 5 -6 7 8 9 10 11 -12 13 -14 -15 16 -17 18 -19 -20 0
uf20-0988 14445 1 2 3 4 -5 6 -7 8 -9 10 11 12 -13 -14 15 16 17 18 19 20 0
uf20-0989 9262 -1 -2 -3 4 -5 6 7 8 9 -10 -11 -12 13 14 15 16 17 -18 -19 -20 0
uf20-098 11116 1 2 -3 -4 5 -6 7 -8 9 10 -11 -12 13 14 -15 -16 17 18 -19 20 0
uf20-0990 14861 1 -2 3 4 5 6 7 8 -9 10 11 -12 13 -14 -15 16 17 18 -19 20 0
uf20-0991 8261 1 -2 3 4 5 6 -7 -8 9 -10 -11 12 -13 -14 -15 16 17 -18 19 20 0
uf20-0992 8106 1 -2 -3 4 -5 6 -7 -8 -9 -10 11 12 -13 -14 15 -16 -17 18 19 -20 0
uf20-0993 12159 1 2 3 -4 -5 6 7 8 -9 -10 -11 12 -13 -14 -15 -16 17 18 19 20 0
uf20-0994 10175 -1 -2 3 4 5 6 7 -8 9 10 11 12 -13 -14 15 -16 17 18 19 -20 0
uf20-0995 12738 -1 2 3 4 -5 6 7 -8 9 10 11 -12 -13 14 15 16 -17 18 -19 -20 0
uf20-0996 9032 1 -2 -3 -4 -5 -6 -7 8 -9 10 11 -12 13 14 -15 16 -17 18 19 -20 0
uf20-0997 8637 -1 2 3 -4 5 6 7 8 -9 10 11 12 13 -14 15 16 -17 18 -19 20 0
uf20-0998 13565 -1 2 -3 4 -5 6 7 8 9 10 11 -12 -13 -14 -15 16 17 18 19 20 0
uf20-0999 11226 1 -2 3 4 5 -6 7 8 9 -10 -11 12 13 -14 15 -16 17 -18 19 20 0
uf20-099 8247 -1 -2 -3 4 5 6 -7 8 -9 10 11 12 -13 14 15 16 -17 -18 -19 -20 0
uf20-09 12738 -1 2 3 -4 -5 6 -7 8 -9 10 11 12 13 -14 15 16 17 -18 -19 -20 0
