uf20-01000 8 -1 2 -3 4 5 -6 7 -8 9 -10 -11 -12 -13 -14 -15 16 17 -18 19 -20 0
uf20-0100 23792 -1 2 3 -4 5 6 -7 8 9 10 -11 -12 13 14 15 -16 17 -18 19 20 0
uf20-0101 11900 1 -2 -3 4 -5 6 -7 8 -9 10 -11 -12 -13 14 15 16 17 -18 19 20 0
uf20-0102 11902 1 2 -3 4 -5 6 7 8 9 10 -11 12 13 14 15 -16 -17 -18 19 -20 0
uf20-0103 11 -1 2 3 4 5 -6 -7 -8 9 -10 11 -12 13 -14 15 16 -17 18 19 -20 0
uf20-0104 22906 1 -2 -3 -4 5 -6 -7 -8 9 10 11 -12 13 -14 -15 -16 17 18 -19 20 0
uf20-0105 8 -1 -2 -3 -4 -5 6 -7 8 9 -10 -11 12 -13 -14 15 -16 17 -18 19 20 0
uf20-0106 9 -1 -2 -3 -4 5 -6 -7 8 -9 10 11 12 -13 14 -15 -16 -17 18 19 20 0
uf20-0107 11 -1 2 3 4 -5 -6 7 -8 9 10 -11 12 -13 -14 15 -16 17 -18 19 20 0
uf20-0108 31717 1 2 -3 4 5 6 -7 8 9 -10 -11 -12 13 14 15 16 17 -18 19 -20 0
uf20-0109 3972 1 -2 3 4 5 -6 7 -8 9 -10 11 -12 -13 -14 -15 -16 17 -18 19 -20 0
uf20-010 27313 -1 2 -3 -4 5 6 7 8 -9 -10 -11 12 13 14 15 16 -17 -18 19 20 0
uf20-0110 50452 1 -2 3 4 5 6 7 8 9 -10 11 -12 13 14 15 16 17 18 19 -20 0
uf20-0111 28886 1 2 3 4 5 6 7 8 9 -10 -11 12 -13 14 15 16 -17 -18 19 -20 0
uf20-0112 14734 -1 2 3 4 5 6 7 -8 -9 10 11 -12 13 14 15 16 17 -18 19 -20 0
uf20-0113 11 1 -2 3 -4 -5 6 7 8 9 10 11 -12 -13 14 -15 -16 17 -18 19 -20 0
uf20-0114 25008 1 -2 -3 -4 5 6 -7 -8 -9 -10 11 12 13 14 15 -16 -17 -18 19 20 0
uf20-0115 29733 1 2 3 -4 -5 -6 -7 -8 -9 10 11 -12 -13 14 -15 -16 17 -18 -19 20 0
uf20-0116 39641 1 -2 3 4 -5 6 7 8 -9 -10 -11 -12 13 14 -15 -16 17 -18 19 20 0
uf20-0117 3973 1 -2 -3 4 -5 6 7 -8 -9 10 11 12 -13 -14 -15 -16 17 18 19 -20 0
uf20-0118 26762 1 -2 -3 4 5 -6 7 8 9 10 11 -12 13 14 -15 16 17 -18 19 -20 0
uf20-0119 7934 1 -2 3 -4 5 6 7 -8 -9 -10 -11 -12 -13 14 -15 16 -17 18 -19 -20 0
uf20-011 30661 1 2 3 4 -5 6 7 -8 -9 10 -11 12 -13 14 -15 16 17 -18 19 20 0
uf20-0120 18662 1 -2 3 4 5 6 7 -8 -9 10 11 12 -13 -14 15 16 17 18 -19 -20 0
uf20-0121 26763 1 2 3 4 -5 6 7 8 -9 -10 11 -12 -13 -14 -15 -16 17 18 19 20 0
uf20-0122 7941 1 2 3 4 5 6 7 8 9 10 -11 12 -13 14 -15 -16 17 18 19 -20 0
uf20-0123 3976 1 2 3 4 -5 -6 -7 8 9 -10 -11 12 13 14 15 -16 17 18 -19 20 0
uf20-0124 41148 -1 2 3 4 5 6 7 -8 9 -10 11 12 13 14 -15 -16 17 18 19 20 0
uf20-0125 31721 1 2 3 4 5 6 7 -8 -9 10 11 12 13 14 -15 -16 17 -18 19 20 0
uf20-0126 42283 -1 -2 -3 -4 5 6 7 8 9 10 11 12 -13 14 -15 16 -17 -18 -19 20 0
uf20-0127 40304 1 2 3 -4 -5 6 -7 -8 9 10 11 12 13 14 15 16 -17 -18 -19 20 0
uf20-0128 10580 -1 -2 3 4 -5 6 7 8 -9 10 11 12 13 14 15 -16 -17 -18 -19 20 0
uf20-0129 14732 1 -2 3 4 5 6 -7 8 9 10 -11 -12 -13 14 -15 -16 17 -18 19 20 0
uf20-012 31620 1 2 -3 4 -5 6 -7 -8 -9 -10 -11 12 13 14 15 -16 17 18 19 20 0
uf20-0130 11897 1 -2 -3 -4 5 -6 -7 -8 -9 10 -11 12 -13 -14 15 16 -17 18 -19 20 0
uf20-0131 36147 -1 -2 3 4 5 -6 -7 8 9 10 -11 12 13 14 15 -16 17 18 19 20 0
uf20-0132 13 1 2 3 4 5 6 -7 8 -9 10 11 12 -13 -14 -15 -16 17 18 19 -20 0
uf20-0133 20622 -1 2 3 4 -5 6 -7 -8 9 10 11 12 13 14 -15 16 17 -18 -19 20 0
uf20-0134 26709 -1 2 -3 -4 5 -6 -7 -8 9 10 11 12 13 14 -15 16 17 18 -19 20 0
uf20-0135 3975 -1 2 3 -4 -5 -6 7 -8 -9 10 11 12 13 14 -15 -16 17 18 19 20 0
uf20-0136 11904 1 -2 3 -4 5 6 7 8 9 10 11 -12 13 14 15 16 17 -18 -19 20 0
uf20-0137 48241 -1 2 3 4 -5 -6 7 8 9 10 -11 -12 13 14 -15 16 -17 -18 -19 20 0
uf20-0138 5295 -1 -2 3 4 -5 -6 7 8 -9 10 11 -12 13 -14 15 16 17 -18 19 -20 0
uf20-0139 52322 -1 -2 -3 4 5 -6 -7 -8 9 10 11 -12 13 14 15 -16 -17 -18 19 -20 0
uf20-013 7933 -1 -2 -3 -4 5 6 7 8 -9 -10 -11 12 -13 -14 -15 16 -17 -18 -19 20 0
uf20-0140 33303 1 2 3 -4 5 -6 7 8 9 -10 -11 12 13 -14 -15 16 17 18 -19 -20 0
uf20-0141 9 -1 2 -3 -4 -5 6 -7 -8 9 -10 -11 12 -13 14 15 -16 17 -18 19 20 0
uf20-0142 19828 1 2 -3 4 -5 -6 7 8 -9 -10 11 12 13 14 15 -16 -17 -18 19 20 0
uf20-0143 29250 -1 2 3 4 5 6 7 8 -9 10 11 12 -13 14 15 16 -17 -18 19 -20 0
uf20-0144 34734 -1 2 3 -4 -5 -6 7 8 9 -10 -11 12 13 -14 -15 16 -17 -18 -19 20 0
uf20-0145 15864 1 2 3 -4 5 -6 -7 8 9 10 -11 12 13 -14 15 16 17 -18 -19 -20 0
uf20-0146 22656 -1 2 -3 4 -5 6 7 8 -9 -10 -11 12 13 -14 15 -16 -17 18 19 -20 0
uf20-0147 3975 1 2 3 -4 5 -6 7 8 -9 10 -11 -12 13 14 15 16 -17 18 -19 -20 0
uf20-0148 15863 1 2 -3 4 5 -6 -7 8 -9 10 11 12 -13 -14 15 -16 17 -18 -19 20 0
uf20-0149 15861 -1 -2 -3 4 -5 -6 7 -8 9 -10 -11 12 13 -14 15 16 17 -18 19 -20 0
uf20-014 11901 1 2 3 4 5 6 -7 -8 -9 10 11 12 13 -14 -15 -16 -17 18 19 -20 0
uf20-0150 16654 -1 2 3 4 -5 -6 -7 8 -9 -10 11 12 -13 14 -15 16 -17 18 19 -20 0
uf20-0151 25113 1 2 3 4 -5 6 7 8 -9 10 -11 12 13 -14 -15 16 17 18 -19 20 0
uf20-0152 39175 -1 2 3 4 5 6 7 -8 -9 -10 -11 -12 -13 -14 15 -16 17 18 19 -20 0
uf20-0153 32690 -1 2 3 -4 5 6 7 8 9 10 -11 -12 13 14 15 -16 17 18 -19 -20 0
uf20-0154 13 1 -2 3 -4 5 6 7 8 9 10 -11 12 13 14 -15 -16 17 18 -19 -20 0
uf20-0155 26822 1 2 3 4 -5 6 -7 8 9 10 11 -12 -13 14 15 16 -17 18 -19 20 0
uf20-0156 39641 1 2 -3 4 -5 -6 -7 8 9 -10 -11 12 13 -14 -15 16 -17 -18 -19 20 0
uf20-0157 9255 -1 2 3 4 -5 -6 -7 -8 9 10 -11 12 -13 14 -15 16 -17 -18 -19 -20 0
uf20-0158 44171 -1 2 -3 4 5 6 -7 -8 9 -10 -11 12 13 14 -15 16 17 18 19 20 0
uf20-0159 15862 -1 2 -3 4 5 -6 -7 8 9 10 -11 -12 13 14 15 -16 17 -18 -19 20 0
uf20-015 42907 -1 -2 -3 4 5 6 7 -8 9 10 11 -12 13 14 15 16 -17 18 -19 -20 0
uf20-0160 7939 1 2 -3 4 5 6 7 8 -9 -10 11 -12 13 -14 -15 16 17 18 -19 20 0
uf20-0161 18243 1 2 -3 4 5 6 7 8 -9 10 -11 12 13 -14 15 16 -17 18 -19 -20 0
uf20-0162 23248 -1 2 -3 -4 -5 6 7 -8 9 10 11 12 -13 14 15 16 17 18 19 -20 0
uf20-0163 32078 -1 2 3 4 5 6 -7 8 -9 10 -11 12 13 14 15 -16 -17 18 19 20 0
uf20-0164 37813 1 -2 3 4 -5 6 7 8 9 10 11 -12 13 -14 -15 -16 17 -18 19 -20 0
uf20-0165 25774 1 2 3 -4 5 -6 -7 8 9 10 11 -12 13 14 15 -16 17 18 19 20 0
uf20-0166 7939 1 2 3 4 -5 6 7 -8 -9 10 -11 12 -13 -14 -15 16 17 18 19 20 0
uf20-0167 3972 -1 -2 3 -4 -5 -6 -7 8 9 10 11 12 13 14 15 -16 -17 -18 -19 -20 0
uf20-0168 17844 1 -2 3 -4 5 6 7 -8 -9 -10 11 -12 -13 14 15 16 17 -18 -19 -20 0
uf20-0169 19035 -1 -2 -3 4 5 6 -7 8 9 10 11 -12 13 -14 15 16 17 18 -19 -20 0
uf20-016 17450 -1 2 3 4 -5 -6 7 8 9 10 11 12 -13 14 15 -16 -17 18 -19 -20 0
uf20-0170 15866 -1 2 3 4 5 -6 7 8 9 -10 11 12 13 14 -15 16 17 -18 19 -20 0
uf20-0171 18027 -1 2 3 -4 5 6 7 -8 9 -10 11 12 13 -14 -15 16 -17 18 -19 20 0
uf20-0172 8 -1 -2 -3 -4 -5 -6 -7 -8 9 -10 11 12 -13 -14 15 16 -17 18 19 20 0
uf20-0173 30390 -1 -2 3 -4 -5 -6 -7 -8 9 10 -11 12 -13 14 -15 16 -17 18 -19 -20 0
uf20-0174 11902 1 -2 3 4 5 6 -7 8 -9 10 -11 12 13 -14 -15 -16 17 18 19 20 0
uf20-0175 11108 1 2 -3 -4 -5 6 -7 8 9 10 -11 12 13 14 -15 16 -17 18 -19 -20 0
uf20-0176 6 -1 -2 -3 4 -5 6 -7 -8 -9 -10 -11 12 -13 -14 -15 -16 17 18 -19 20 0
uf20-0177 7937 -1 -2 -3 4 -5 6 7 -8 9 -10 11 -12 -13 14 -15 16 17 18 19 20 0
uf20-0178 11898 -1 2 -3 -4 5 -6 -7 8 9 -10 11 12 -13 -14 15 -16 -17 -18 19 20 0
uf20-0179 10581 1 -2 -3 4 5 6 7 8 9 10 -11 -12 13 -14 15 -16 17 18 -19 20 0
uf20-017 27757 1 2 -3 4 -5 6 7 8 9 10 -11 12 13 -14 15 -16 17 -18 19 20 0
uf20-0180 3975 1 2 3 4 -5 -6 7 8 9 10 11 12 -13 -14 15 -16 -17 -18 -19 20 0
uf20-0181 21149 -1 2 -3 4 -5 6 7 8 9 -10 -11 12 13 14 15 16 -17 -18 19 20 0
uf20-0182 29448 -1 -2 3 4 5 -6 7 -8 9 10 11 12 -13 -14 -15 -16 -17 -18 19 -20 0
uf20-0183 10578 1 -2 3 4 -5 6 -7 8 -9 -10 -11 -12 -13 14 -15 16 -17 18 19 20 0
uf20-0184 16654 -1 2 -3 4 5 -6 7 -8 9 -10 -11 -12 -13 14 15 16 17 -18 -19 -20 0
uf20-0185 11 -1 -2 -3 4 5 6 7 8 -9 -10 11 -12 -13 14 15 16 17 -18 19 -20 0
uf20-0186 19827 -1 2 3 -4 5 6 -7 8 9 10 11 -12 -13 -14 15 16 17 18 -19 -20 0
uf20-0187 28955 -1 2 -3 -4 -5 6 -7 -8 -9 -10 11 -12 -13 14 15 -16 17 18 19 20 0
uf20-0188 19826 -1 -2 3 4 5 6 -7 -8 9 -10 11 12 13 14 15 -16 -17 -18 19 -20 0
uf20-0189 44172 1 -2 3 4 -5 -6 7 -8 9 -10 11 -12 13 -14 15 -16 17 18 19 20 0
uf20-018 13 -1 2 3 -4 5 -6 -7 8 9 -10 -11 12 13 14 15 16 -17 18 19 20 0
uf20-0190 40863 -1 2 -3 4 5 6 7 8 -9 10 -11 12 13 14 15 16 17 -18 19 -20 0
uf20-0191 3974 -1 2 3 -4 -5 -6 7 -8 9 10 -11 -12 -13 14 15 16 17 -18 19 20 0
uf20-0192 3970 -1 -2 -3 -4 5 -6 -7 8 -9 -10 -11 -12 -13 -14 15 16 17 18 -19 20 0
uf20-0193 3973 -1 -2 -3 4 -5 -6 -7 8 -9 -10 11 12 -13 14 15 16 17 18 -19 20 0
uf20-0194 16389 -1 -2 -3 -4 5 6 7 -8 9 -10 -11 -12 13 14 15 16 -17 18 19 20 0
uf20-0195 28633 1 2 3 4 5 -6 7 -8 9 10 11 12 -13 -14 15 -16 -17 18 -19 20 0
uf20-0196 17844 1 2 3 -4 -5 -6 -7 -8 9 -10 -11 12 13 14 15 16 -17 -18 19 20 0
uf20-0197 12 1 2 -3 -4 5 -6 7 8 -9 10 -11 -12 13 14 15 -16 17 -18 19 20 0
uf20-0198 7937 1 -2 -3 4 5 -6 7 8 -9 10 -11 12 13 -14 -15 16 17 -18 19 -20 0
uf20-0199 11902 -1 2 -3 -4 -5 6 7 8 9 10 11 -12 -13 14 15 16 17 -18 19 20 0
uf20-019 3974 -1 -2 3 4 5 -6 -7 8 9 -10 11 12 13 14 -15 -16 -17 18 19 -20 0
uf20-01 52527 -1 2 3 4 -5 -6 -7 8 9 10 11 -12 -13 14 15 -16 17 18 19 20 0
uf20-0200 31715 1 -2 3 -4 5 -6 7 -8 9 -10 -11 -12 13 -14 15 16 17 18 -19 20 0
uf20-0201 11899 -1 -2 3 4 5 -6 7 -8 9 10 11 -12 13 -14 -15 -16 17 18 -19 -20 0
uf20-0202 17448 -1 -2 3 -4 5 -6 7 -8 9 10 11 12 -13 14 15 -16 -17 -18 19 20 0
uf20-0203 3972 1 -2 -3 -4 -5 6 -7 8 9 -10 11 12 -13 -14 15 -16 17 -18 19 -20 0
uf20-0204 23790 -1 2 3 4 5 6 7 8 9 10 -11 -12 13 -14 -15 -16 -17 18 19 -20 0
uf20-0205 15862 -1 2 3 -4 -5 -6 7 8 9 -10 11 12 13 -14 -15 16 17 18 -19 -20 0
uf20-0206 22030 1 2 3 4 5 -6 7 -8 9 -10 11 -12 -13 14 15 -16 17 18 19 -20 0
uf20-0207 3973 1 -2 -3 -4 -5 -6 7 8 9 10 -11 12 13 14 -15 -16 17 -18 19 -20 0
uf20-0208 28288 1 2 -3 4 5 6 -7 8 9 -10 11 12 -13 -14 -15 16 17 18 -19 20 0
uf20-0209 3974 1 2 3 -4 -5 -6 7 -8 9 -10 11 12 13 14 -15 -16 -17 18 19 -20 0
uf20-020 41906 -1 2 -3 4 -5 6 7 8 9 10 -11 -12 13 -14 -15 16 17 -18 -19 -20 0
uf20-0210 39760 -1 -2 -3 4 -5 -6 -7 8 -9 10 11 12 13 14 -15 16 -17 -18 19 -20 0
uf20-0211 27752 1 -2 3 -4 -5 6 7 8 9 -10 -11 -12 13 -14 -15 16 -17 18 -19 20 0
uf20-0212 31298 1 2 3 4 -5 6 -7 8 -9 10 -11 -12 13 14 -15 -16 17 18 -19 -20 0
uf20-0213 11107 1 2 3 -4 5 6 -7 -8 9 -10 11 -12 -13 -14 15 -16 17 18 -19 -20 0
uf20-0214 14 1 2 -3 4 5 6 -7 -8 9 10 11 -12 13 14 15 -16 17 18 -19 20 0
uf20-0215 49626 1 2 3 4 5 6 7 -8 -9 10 11 12 13 -14 15 16 -17 18 19 20 0
uf20-0216 7939 1 -2 3 4 -5 -6 7 8 9 10 -11 12 13 14 -15 -16 17 18 19 -20 0
uf20-0217 14733 1 -2 3 -4 5 6 7 8 9 -10 11 -12 -13 14 15 -16 -17 18 19 20 0
uf20-0218 29153 -1 2 -3 -4 5 6 7 8 9 10 11 12 13 14 -15 -16 17 18 -19 20 0
uf20-0219 8 1 2 3 4 -5 6 -7 -8 -9 10 -11 -12 -13 14 -15 -16 17 -18 -19 -20 0
uf20-021 15863 1 2 3 -4 -5 6 -7 8 -9 -10 11 12 13 14 15 -16 -17 18 -19 -20 0
uf20-0220 27188 1 -2 3 4 -5 6 7 8 -9 10 -11 12 13 14 15 -16 17 -18 -19 -20 0
uf20-0221 9921 -1 2 3 4 -5 -6 7 8 9 -10 11 12 13 14 15 16 -17 18 19 20 0
uf20-0222 21148 -1 -2 3 4 5 6 7 -8 -9 10 11 -12 13 14 15 -16 17 -18 -19 20 0
uf20-0223 10580 -1 2 3 -4 5 6 7 8 9 -10 -11 -12 -13 14 -15 16 17 18 -19 20 0
uf20-0224 3971 -1 2 -3 -4 5 6 7 -8 -9 -10 -11 12 -13 -14 15 -16 -17 -18 19 20 0
uf20-0225 7931 1 -2 -3 4 -5 -6 7 -8 -9 -10 -11 -12 -13 14 -15 -16 -17 -18 19 -20 0
uf20-0226 51533 -1 2 3 4 5 6 7 8 9 10 -11 12 13 14 -15 -16 17 -18 19 -20 0
uf20-0227 36120 1 2 3 -4 5 6 7 8 9 -10 -11 12 13 14 -15 16 17 -18 19 20 0
uf20-0228 7938 1 -2 -3 4 5 6 -7 8 -9 10 11 -12 -13 -14 15 16 17 18 19 -20 0
uf20-0229 30726 -1 2 -3 4 5 6 7 8 9 -10 -11 12 -13 14 15 -16 17 18 -19 20 0
uf20-022 15861 -1 2 -3 4 -5 -6 7 -8 9 -10 11 12 13 -14 -15 16 -17 -18 19 -20 0
uf20-0230 73323 1 2 -3 4 -5 6 7 8 9 -10 11 12 13 -14 15 16 -17 18 -19 20 0
uf20-0231 11 -1 -2 -3 4 -5 6 -7 8 9 -10 11 12 -13 14 -15 16 17 -18 19 20 0
uf20-0232 6800 1 -2 -3 4 5 -6 7 8 -9 10 11 -12 13 -14 15 16 -17 18 19 -20 0
uf20-0233 23285 1 -2 3 4 5 -6 7 -8 -9 -10 11 -12 13 14 15 16 17 18 -19 -20 0
uf20-0234 22639 1 -2 3 4 5 6 -7 -8 9 -10 11 12 -13 14 -15 16 17 18 -19 20 0
uf20-0235 33201 1 2 3 4 5 -6 7 8 -9 10 11 12 13 14 -15 -16 -17 18 19 20 0
uf20-0236 6802 1 2 3 -4 -5 6 -7 8 9 -10 11 12 13 14 -15 16 17 -18 19 20 0
uf20-0237 77896 -1 -2 -3 4 -5 -6 7 -8 -9 10 -11 12 13 -14 15 16 -17 18 19 20 0
uf20-0238 13585 1 2 3 4 -5 -6 -7 8 9 10 -11 -12 -13 -14 15 -16 17 -18 -19 -20 0
uf20-0239 67894 -1 2 3 4 5 -6 7 -8 -9 10 -11 12 13 14 15 16 -17 18 -19 -20 0
uf20-023 37344 -1 -2 3 4 -5 6 7 8 -9 10 -11 12 -13 -14 -15 16 17 18 -19 -20 0
uf20-0240 15850 -1 2 3 4 5 -6 7 8 9 -10 -11 -12 -13 14 -15 16 17 18 -19 20 0
uf20-0241 40739 -1 -2 -3 -4 5 -6 7 -8 9 10 11 -12 13 -14 15 -16 17 -18 19 20 0
uf20-0242 37450 1 2 -3 -4 -5 6 7 8 -9 -10 -11 12 13 14 15 16 17 18 19 -20 0
uf20-0243 29424 -1 -2 -3 -4 -5 6 -7 8 -9 -10 11 -12 -13 14 15 16 17 -18 19 20 0
uf20-0244 13587 -1 -2 3 -4 -5 6 7 8 9 10 11 -12 -13 14 15 -16 17 18 -19 -20 0
uf20-0245 6794 1 -2 -3 -4 -5 -6 7 -8 -9 -10 11 12 -13 14 -15 -16 -17 -18 19 -20 0
uf20-0246 45026 1 2 -3 -4 -5 6 -7 8 9 10 -11 12 13 -14 -15 16 17 18 -19 20 0
uf20-0247 13 1 -2 3 -4 5 -6 7 -8 -9 10 -11 12 13 14 15 16 17 18 -19 20 0
uf20-0248 13 1 -2 3 -4 -5 6 7 8 9 10 11 -12 13 -14 15 -16 17 -18 19 20 0
uf20-0249 29881 -1 2 -3 -4 5 6 -7 8 -9 10 11 12 13 14 15 16 -17 18 19 20 0
uf20-024 47529 -1 -2 3 -4 -5 6 -7 8 9 10 11 -12 13 -14 15 16 17 18 19 20 0
uf20-0250 45267 -1 -2 3 -4 -5 6 7 8 9 10 -11 12 13 -14 15 16 17 18 19 20 0
uf20-0251 9064 1 -2 -3 4 5 6 7 8 -9 10 11 12 13 -14 -15 16 17 18 19 -20 0
uf20-0252 36970 1 2 3 -4 5 6 7 8 9 10 11 -12 13 -14 -15 -16 -17 18 -19 20 0
uf20-0253 9063 1 2 -3 4 5 6 -7 8 -9 -10 -11 12 -13 14 15 -16 17 18 19 20 0
uf20-0254 45679 1 -2 3 4 5 -6 7 8 9 -10 11 12 -13 14 15 16 -17 18 19 -20 0
uf20-0255 18678 1 -2 -3 4 5 6 -7 -8 -9 -10 -11 12 13 14 15 -16 17 18 19 -20 0
uf20-0256 56970 -1 -2 3 -4 5 6 -7 8 -9 10 11 -12 13 -14 15 16 17 -18 -19 -20 0
uf20-0257 20373 1 -2 -3 -4 5 -6 7 -8 -9 10 11 12 -13 -14 -15 -16 17 18 19 -20 0
uf20-0258 45674 -1 2 -3 4 -5 -6 7 8 9 -10 -11 -12 13 -14 -15 16 -17 18 19 20 0
uf20-0259 26195 1 2 -3 -4 5 6 7 8 9 10 11 12 13 14 15 -16 -17 18 -19 -20 0
uf20-025 16 1 2 3 4 5 -6 7 -8 9 10 11 -12 -13 14 15 16 17 18 19 20 0
uf20-0260 6 1 -2 3 -4 -5 -6 7 -8 9 -10 -11 12 -13 -14 15 -16 -17 -18 -19 -20 0
uf20-0261 13587 -1 -2 -3 4 5 -6 7 -8 9 10 -11 -12 13 -14 15 16 -17 18 19 20 0
uf20-0262 6797 1 -2 -3 4 -5 -6 -7 -8 9 -10 -11 12 -13 -14 15 16 17 18 -19 20 0
uf20-0263 45263 1 -2 -3 4 -5 6 -7 -8 9 -10 -11 12 13 -14 -15 16 -17 18 -19 -20 0
uf20-0264 9063 1 2 -3 4 -5 6 7 8 9 10 -11 -12 13 14 15 -16 -17 18 -19 20 0
uf20-0265 50614 1 2 3 4 5 6 7 -8 9 -10 11 12 13 14 15 -16 17 18 19 20 0
uf20-0266 22638 1 2 3 4 -5 -6 -7 8 9 10 11 -12 13 -14 -15 16 17 -18 19 -20 0
uf20-0267 27162 -1 2 -3 -4 5 -6 7 -8 9 -10 11 -12 13 -14 15 16 17 -18 -19 -20 0
uf20-0268 35311 1 2 3 -4 5 6 7 8 -9 -10 11 12 13 14 15 16 17 -18 -19 -20 0
uf20-0269 65856 1 -2 3 4 5 -6 -7 8 9 10 -11 12 13 -14 -15 16 17 18 19 20 0
uf20-026 6799 1 2 3 4 5 6 -7 -8 9 10 -11 -12 -13 14 -15 16 -17 -18 19 -20 0
uf20-0270 14 1 -2 3 4 5 6 7 -8 9 -10 11 12 -13 -14 15 16 -17 18 19 20 0
uf20-0271 56861 1 -2 3 4 -5 -6 7 8 9 10 -11 12 -13 14 15 -16 17 18 -19 -20 0
uf20-0272 52228 1 -2 -3 4 -5 -6 7 -8 -9 10 11 12 13 14 -15 -16 17 18 19 20 0
uf20-0273 65177 -1 2 3 -4 -5 6 7 8 9 -10 -11 12 -13 -14 15 16 17 18 19 -20 0
uf20-0274 13588 -1 2 3 4 -5 6 7 8 -9 -10 11 -12 13 -14 15 16 -17 -18 19 20 0
uf20-0275 77120 1 -2 3 -4 5 6 7 8 -9 -10 11 12 13 14 15 16 -17 18 -19 -20 0
uf20-0276 41785 -1 -2 -3 4 -5 6 7 -8 9 10 11 12 13 14 15 -16 17 -18 19 -20 0
uf20-0277 27163 1 2 3 -4 -5 6 7 8 -9 10 -11 -12 -13 -14 -15 -16 17 18 19 20 0
uf20-0278 6792 -1 -2 -3 -4 -5 -6 -7 -8 -9 -10 -11 12 -13 14 15 16 -17 -18 -19 -20 0
uf20-0279 22640 1 2 3 4 -5 6 7 8 9 -10 11 -12 13 14 15 -16 17 18 19 -20 0
uf20-027 39230 -1 2 3 -4 5 6 7 -8 9 -10 11 12 -13 14 15 16 -17 18 -19 20 0
uf20-0280 58841 -1 2 3 -4 -5 -6 7 8 -9 10 11 12 -13 14 15 -16 17 18 19 20 0
uf20-0281 66449 1 2 3 4 -5 -6 7 8 9 10 11 -12 13 -14 -15 -16 17 18 -19 -20 0
uf20-0282 20375 -1 2 3 4 5 -6 7 8 9 -10 -11 -12 -13 -14 15 -16 17 18 19 -20 0
uf20-0283 67893 1 2 3 -4 -5 -6 7 -8 9 10 11 12 13 14 15 16 17 18 -19 20 0
uf20-0284 56580 1 2 3 -4 -5 6 -7 -8 9 10 -11 -12 13 -14 15 16 -17 18 19 -20 0
uf20-0285 31688 1 -2 3 -4 5 -6 -7 -8 9 10 -11 12 -13 14 15 16 -17 -18 19 -20 0
uf20-0286 6800 1 2 -3 -4 5 6 7 -8 -9 -10 11 12 13 14 -15 16 17 -18 -19 20 0
uf20-0287 6799 1 2 3 -4 5 -6 7 8 -9 10 -11 -12 13 14 -15 -16 -17 18 -19 20 0
uf20-0288 15849 -1 -2 -3 -4 -5 6 7 8 9 -10 11 -12 -13 14 15 16 17 18 -19 -20 0
uf20-0289 13588 1 2 3 -4 5 6 -7 -8 9 10 11 -12 13 -14 -15 16 17 18 -19 -20 0
uf20-028 15849 1 -2 -3 4 5 -6 7 8 9 10 -11 -12 13 -14 -15 -16 17 -18 -19 20 0
uf20-0290 9 -1 2 -3 -4 -5 6 -7 -8 -9 10 11 12 13 -14 15 -16 -17 18 19 -20 0
uf20-0291 28403 1 2 3 -4 -5 6 7 -8 9 10 11 12 -13 14 15 16 17 18 19 20 0
uf20-0292 74681 -1 2 3 4 -5 -6 -7 8 9 -10 11 12 13 -14 15 16 17 18 19 -20 0
uf20-0293 37484 -1 2 -3 4 -5 6 -7 8 -9 10 11 12 -13 14 15 16 17 18 19 20 0
uf20-0294 13587 1 -2 3 4 -5 -6 -7 8 9 10 -11 12 -13 -14 15 16 17 -18 -19 20 0
uf20-0295 6799 1 2 3 -4 5 -6 7 -8 -9 10 11 -12 13 14 -15 -16 -17 -18 19 20 0
uf20-0296 55219 -1 -2 -3 4 -5 -6 7 -8 -9 10 -11 12 13 -14 15 -16 17 18 19 -20 0
uf20-0297 24446 1 2 -3 4 5 -6 7 8 -9 -10 11 12 -13 -14 -15 -16 -17 -18 19 -20 0
uf20-0298 47529 1 -2 -3 4 5 -6 7 8 9 -10 11 -12 13 -14 15 -16 17 18 19 20 0
uf20-0299 24445 1 -2 3 4 -5 6 -7 -8 -9 -10 -11 -12 -13 14 -15 16 -17 18 -19 20 0
uf20-029 3 -1 -2 -3 -4 -5 -6 -7 -8 -9 -10 -11 -12 -13 -14 15 -16 -17 -18 19 20 0
uf20-02 46357 -1 -2 3 -4 5 6 7 8 9 -10 -11 12 -13 14 15 16 -17 -18 19 -20 0
uf20-0300 33951 -1 2 3 4 5 -6 7 8 9 -10 -11 12 13 14 -15 -16 -17 -18 19 -20 0
uf20-0301 8 -1 2 -3 -4 -5 -6 7 -8 9 10 11 -12 -13 14 -15 -16 -17 18 -19 20 0
uf20-0302 35649 -1 2 -3 4 5 -6 7 -8 9 10 11 12 -13 14 -15 -16 17 18 -19 20 0
uf20-0303 13587 1 -2 -3 4 -5 -6 -7 -8 9 10 11 12 13 14 -15 -16 17 -18 19 20 0
uf20-0304 45267 1 -2 -3 4 -5 6 7 -8 9 10 -11 12 13 14 15 16 17 18 -19 -20 0
uf20-0305 27164 1 2 3 -4 -5 -6 7 8 -9 10 11 -12 13 -14 15 16 -17 -18 19 20 0
uf20-0306 31951 1 2 -3 -4 -5 -6 -7 -8 9 -10 -11 -12 -13 -14 15 16 17 -18 -19 -20 0
uf20-0307 58560 1 2 3 -4 -5 -6 7 -8 9 -10 11 -12 13 -14 15 16 -17 18 19 20 0
uf20-0308 16983 1 -2 3 -4 5 6 7 8 9 10 -11 -12 13 -14 15 16 17 -18 -19 20 0
uf20-0309 80187 1 2 -3 -4 5 -6 7 8 9 10 11 -12 13 -14 -15 -16 17 -18 19 -20 0
uf20-030 42100 1 2 -3 4 -5 6 7 8 9 10 -11 -12 13 -14 15 16 17 -18 19 20 0
uf20-0310 9061 1 2 3 4 5 -6 7 -8 -9 10 11 -12 13 14 -15 16 -17 -18 -19 -20 0
uf20-0311 46172 1 2 3 4 -5 -6 7 -8 9 10 11 12 13 14 -15 16 17 18 -19 20 0
uf20-0312 7 -1 -2 -3 -4 5 -6 -7 -8 9 10 11 -12 -13 14 -15 16 17 -18 -19 -20 0
uf20-0313 22638 -1 2 3 -4 -5 6 7 -8 -9 -10 11 -12 13 -14 15 16 17 -18 19 20 0
uf20-0314 66988 1 2 3 -4 5 -6 7 8 9 10 11 -12 13 -14 15 -16 -17 18 -19 20 0
uf20-0315 27162 1 -2 3 4 -5 -6 -7 8 -9 10 11 12 -13 14 -15 16 -17 18 -19 20 0
uf20-0316 13585 1 2 3 -4 -5 -6 -7 8 -9 10 -11 -12 -13 14 -15 16 -17 18 19 -20 0
uf20-0317 61102 -1 -2 3 4 5 -6 -7 -8 9 -10 11 12 -13 -14 -15 -16 -17 -18 19 20 0
uf20-0318 38480 1 2 -3 4 -5 6 -7 -8 9 10 11 12 13 14 -15 16 17 -18 19 20 0
uf20-0319 65176 -1 2 -3 4 5 6 7 8 9 10 -11 12 -13 14 15 -16 17 18 -19 20 0
uf20-031 10 1 2 3 -4 -5 6 -7 8 9 10 11 -12 -13 -14 -15 16 17 -18 -19 -20 0
uf20-0320 28523 1 -2 -3 4 5 6 7 -8 9 10 11 -12 -13 -14 15 16 17 18 19 20 0
uf20-0321 13586 -1 -2 -3 4 5 6 -7 -8 9 10 -11 12 13 -14 15 16 17 -18 -19 -20 0
uf20-0322 11 -1 2 3 -4 5 6 -7 8 9 10 11 -12 -13 14 -15 16 -17 18 -19 -20 0
uf20-0323 52055 -1 2 3 -4 5 -6 7 8 9 10 -11 -12 13 14 15 16 17 -18 19 20 0
uf20-0324 9061 1 2 3 -4 5 -6 7 -8 -9 10 11 -12 13 -14 15 -16 -17 18 19 -20 0
uf20-0325 22641 -1 2 3 -4 5 6 7 8 9 10 -11 12 13 -14 15 16 -17 18 19 20 0
uf20-0326 13585 -1 2 3 -4 5 6 -7 8 9 -10 11 -12 -13 14 -15 -16 -17 -18 -19 20 0
uf20-0327 36017 1 -2 3 4 5 6 7 8 9 10 11 -12 -13 -14 -15 16 -17 18 -19 -20 0
uf20-0328 6 -1 2 -3 -4 5 -6 -7 -8 -9 -10 11 -12 -13 -14 15 16 17 -18 -19 -20 0
uf20-0329 9059 -1 -2 3 -4 -5 6 7 -8 9 -10 11 -12 -13 14 15 -16 -17 -18 19 20 0
uf20-032 9 1 2 -3 4 5 -6 -7 8 -9 -10 -11 -12 13 14 -15 -16 17 -18 -19 20 0
uf20-0330 6794 -1 -2 -3 -4 -5 6 7 -8 -9 -10 11 -12 -13 14 -15 16 -17 -18 -19 20 0
uf20-0331 22638 1 2 -3 4 5 -6 7 -8 9 10 11 -12 13 -14 15 -16 -17 -18 19 -20 0
uf20-0332 13583 1 -2 -3 -4 5 6 -7 -8 -9 -10 -11 12 -13 14 15 -16 -17 18 -19 -20 0
uf20-0333 11 1 -2 3 4 5 6 -7 8 9 -10 11 -12 -13 -14 15 16 -17 -18 -19 20 0
uf20-0334 30864 -1 2 -3 4 -5 6 -7 -8 9 -10 11 12 13 14 -15 -16 -17 -18 -19 20 0
uf20-0335 67892 -1 2 3 4 -5 -6 7 8 -9 -10 11 12 -13 14 -15 -16 17 18 19 20 0
uf20-0336 7 1 -2 -3 -4 -5 -6 -7 -8 -9 10 11 -12 13 -14 15 -16 -17 -18 19 20 0
uf20-0337 20377 1 2 3 -4 -5 6 7 -8 9 -10 -11 -12 13 14 15 16 17 -18 19 20 0
uf20-0338 76946 1 -2 -3 4 5 -6 7 -8 9 -10 11 12 13 14 15 16 -17 18 -19 20 0
uf20-0339 47528 -1 2 -3 4 5 6 7 -8 9 -10 11 12 13 14 -15 16 -17 18 -19 20 0
uf20-033 24691 -1 -2 -3 4 -5 -6 7 -8 -9 10 11 -12 13 14 15 16 -17 -18 -19 -20 0
uf20-0340 49787 -1 -2 3 4 -5 -6 -7 -8 9 10 -11 -12 -13 -14 15 16 17 -18 -19 20 0
uf20-0341 58466 1 2 3 4 5 6 7 8 9 10 11 12 13 14 -15 16 -17 18 19 20 0
uf20-0342 13584 -1 2 -3 -4 -5 -6 -7 8 -9 10 11 12 -13 -14 -15 16 -17 18 19 -20 0
uf20-0343 6799 -1 -2 -3 -4 5 -6 7 8 -9 10 -11 12 13 -14 15 -16 17 18 19 20 0
uf20-0344 9063 1 2 3 4 5 -6 -7 -8 9 10 11 12 13 -14 -15 -16 17 18 -19 20 0
uf20-0345 27162 -1 -2 3 4 -5 6 7 -8 9 10 -11 -12 13 -14 -15 16 17 -18 19 -20 0
uf20-0346 31686 1 2 -3 -4 5 6 -7 -8 9 -10 -11 -12 -13 -14 -15 16 17 18 -19 20 0
uf20-0347 25807 1 2 3 -4 -5 6 7 8 9 -10 11 -12 -13 14 15 16 -17 -18 19 20 0
uf20-0348 6803 -1 2 3 4 5 -6 -7 8 9 10 -11 12 13 -14 15 16 17 18 19 20 0
uf20-0349 49225 1 -2 -3 -4 5 6 -7 8 9 10 11 12 -13 -14 15 -16 17 -18 19 20 0
uf20-034 66083 1 -2 -3 4 5 -6 7 -8 9 10 -11 12 13 -14 15 16 17 -18 19 -20 0
uf20-0350 16298 1 2 -3 4 -5 -6 -7 -8 -9 -10 -11 12 13 14 -15 -16 -17 18 -19 -20 0
uf20-0351 20378 1 2 3 4 5 -6 7 8 9 -10 -11 12 13 -14 15 16 -17 18 19 -20 0
uf20-0352 15850 -1 2 -3 4 5 6 -7 8 -9 -10 -11 12 13 14 15 16 17 -18 -19 20 0
uf20-0353 49528 1 2 3 -4 5 -6 -7 8 9 10 11 -12 13 14 15 16 -17 -18 19 20 0
uf20-0354 13585 1 2 -3 -4 -5 6 7 8 -9 -10 11 12 -13 14 -15 16 -17 -18 -19 -20 0
uf20-0355 20378 1 -2 3 4 5 6 7 8 -9 -10 11 12 13 -14 15 16 -17 18 -19 20 0
uf20-0356 13585 1 2 -3 -4 5 6 7 8 -9 -10 -11 -12 -13 -14 15 16 -17 18 -19 -20 0
uf20-0357 6798 -1 -2 3 -4 -5 6 -7 -8 -9 10 11 12 13 -14 -15 -16 17 18 19 20 0
uf20-0358 51185 1 2 3 4 5 6 -7 -8 9 -10 11 12 -13 14 -15 16 -17 18 19 20 0
uf20-0359 57263 -1 2 -3 -4 -5 -6 -7 8 9 -10 -11 -12 13 14 -15 16 -17 18 -19 20 0
uf20-035 29878 1 2 3 -4 5 6 -7 -8 9 10 11 -12 -13 -14 -15 16 17 18 19 -20 0
uf20-0360 58391 1 2 3 4 -5 6 -7 -8 9 10 11 -12 -13 14 -15 16 17 18 19 20 0
uf20-0361 22636 -1 -2 3 4 5 -6 -7 8 -9 -10 -11 -12 13 14 15 -16 17 -18 19 20 0
uf20-0362 29102 1 2 3 -4 5 6 7 -8 9 -10 -11 12 13 -14 -15 -16 -17 -18 19 20 0
uf20-0363 90525 1 2 -3 4 5 -6 7 8 9 10 11 12 13 14 15 16 -17 -18 19 20 0
uf20-0364 13587 1 2 3 -4 5 6 -7 8 -9 10 -11 -12 13 -14 15 -16 17 -18 19 -20 0
uf20-0365 36072 1 -2 -3 -4 5 6 7 8 -9 10 11 12 -13 14 15 -16 -17 18 19 20 0
uf20-0366 21129 1 2 -3 -4 -5 -6 7 8 9 -10 -11 -12 -13 14 -15 16 17 18 19 -20 0
uf20-0367 14087 1 2 -3 -4 -5 -6 -7 8 -9 -10 11 12 -13 14 -15 -16 -17 18 -19 -20 0
uf20-0368 32862 -1 -2 3 -4 5 -6 7 -8 9 10 11 12 -13 14 -15 16 17 -18 19 -20 0
uf20-0369 9395 -1 2 3 -4 -5 -6 7 8 -9 10 -11 -12 -13 -14 -15 -16 17 18 19 20 0
uf20-036 45773 -1 -2 3 -4 5 6 -7 8 9 10 -11 -12 13 14 15 16 17 18 -19 20 0
uf20-0370 23476 1 2 3 4 -5 -6 -7 -8 9 10 -11 -12 -13 14 -15 16 17 18 -19 -20 0
uf20-0371 63368 1 2 -3 -4 5 6 7 -8 9 10 -11 12 -13 14 15 16 -17 -18 -19 20 0
uf20-0372 53511 -1 -2 3 4 5 6 -7 8 -9 10 -11 12 -13 -14 15 -16 -17 -18 19 -20 0
uf20-0373 37278 1 -2 3 4 -5 -6 -7 8 9 10 11 12 13 -14 -15 -16 -17 -18 -19 20 0
uf20-0374 7050 1 -2 -3 -4 5 6 7 8 -9 10 11 -12 -13 -14 -15 16 -17 18 -19 20 0
uf20-0375 75100 1 -2 -3 4 -5 6 7 -8 9 10 11 -12 13 -14 15 16 17 -18 -19 20 0
uf20-0376 9398 -1 -2 -3 4 5 6 7 8 9 10 11 12 13 -14 -15 -16 17 -18 19 -20 0
uf20-0377 40683 1 -2 -3 -4 5 -6 7 -8 9 -10 11 12 13 14 15 16 -17 18 19 20 0
uf20-0378 21131 -1 2 3 -4 -5 6 7 8 9 -10 -11 12 -13 14 -15 16 17 -18 19 -20 0
uf20-0379 7051 -1 2 -3 4 -5 6 7 -8 9 -10 11 -12 13 -14 -15 16 17 -18 19 20 0
uf20-037 10 -1 2 -3 -4 -5 6 7 8 9 10 -11 -12 -13 14 -15 16 -17 18 -19 20 0
uf20-0380 48406 -1 2 3 4 -5 -6 -7 8 -9 -10 -11 12 -13 -14 -15 16 -17 -18 -19 -20 0
uf20-0381 49291 1 2 -3 4 -5 -6 7 8 -9 10 11 -12 13 14 15 16 -17 -18 19 20 0
uf20-0382 39283 -1 -2 3 4 5 -6 -7 8 9 -10 11 -12 -13 -14 -15 16 17 -18 19 20 0
uf20-0383 14088 -1 -2 3 -4 -5 6 -7 -8 9 10 -11 -12 13 14 -15 16 17 -18 -19 20 0
uf20-0384 20123 1 2 -3 4 5 -6 -7 8 -9 -10 11 -12 13 -14 15 16 17 -18 19 -20 0
uf20-0385 14091 1 -2 3 4 5 6 7 -8 9 -10 -11 -12 13 -14 -15 16 -17 18 -19 20 0
uf20-0386 7054 1 2 -3 4 5 6 7 8 -9 10 11 12 13 -14 -15 -16 17 -18 19 20 0
uf20-0387 121934 1 -2 3 4 -5 6 7 -8 9 10 -11 12 -13 14 15 -16 17 18 19 20 0
uf20-0388 16906 1 2 3 4 -5 -6 -7 -8 9 10 -11 12 -13 14 15 -16 -17 -18 19 -20 0
uf20-0389 21128 1 2 -3 -4 -5 6 7 -8 -9 -10 -11 12 -13 -14 15 16 17 18 -19 -20 0
uf20-038 64779 1 -2 3 4 -5 6 7 -8 -9 10 -11 12 -13 14 15 -16 17 18 19 -20 0
uf20-0390 92940 1 2 3 -4 5 6 7 8 9 -10 -11 12 -13 14 -15 -16 -17 18 19 -20 0
uf20-0391 36972 1 2 -3 -4 5 -6 -7 -8 9 10 11 12 -13 -14 15 -16 17 18 19 20 0
uf20-0392 36620 -1 -2 -3 4 5 -6 7 8 -9 10 11 12 13 -14 15 -16 17 -18 19 20 0
uf20-0393 33453 1 2 3 4 -5 6 -7 8 9 10 11 12 13 14 -15 16 -17 -18 -19 -20 0
uf20-0394 39435 1 2 -3 4 -5 -6 7 8 9 -10 11 12 13 -14 -15 -16 -17 18 -19 20 0
uf20-0395 58768 -1 2 3 4 5 -6 7 8 9 -10 11 12 13 14 15 16 17 18 19 20 0
uf20-0396 18778 -1 2 -3 -4 5 -6 -7 8 -9 -10 11 -12 -13 -14 15 -16 -17 18 -19 -20 0
uf20-0397 16905 1 -2 -3 -4 5 -6 -7 8 9 -10 11 12 -13 -14 -15 -16 17 18 -19 20 0
uf20-0398 14091 -1 2 3 -4 -5 6 7 8 -9 10 11 -12 13 -14 15 -16 17 -18 19 20 0
uf20-0399 22541 1 2 -3 4 5 6 7 -8 9 10 -11 12 -13 -14 15 16 -17 18 -19 20 0
uf20-039 9397 -1 2 -3 -4 5 6 -7 -8 9 -10 11 12 13 14 -15 -16 17 18 -19 20 0
uf20-03 15 1 2 3 4 -5 6 7 8 9 10 11 -12 13 -14 -15 16 17 18 -19 20 0
uf20-0400 9398 -1 2 3 -4 5 6 7 -8 -9 -10 -11 12 13 -14 15 16 17 18 19 -20 0
uf20-0401 61560 1 2 3 4 -5 6 -7 8 9 10 11 12 -13 14 15 16 17 -18 19 20 0
uf20-0402 4 -1 -2 -3 -4 -5 -6 7 -8 -9 -10 -11 -12 13 14 -15 -16 -17 -18 -19 20 0
uf20-0403 48821 1 -2 3 4 5 -6 7 -8 9 10 -11 -12 13 14 15 -16 -17 18 19 -20 0
uf20-0404 39435 1 -2 -3 -4 5 -6 7 -8 9 10 -11 -12 13 14 -15 -16 17 18 19 20 0
uf20-0405 69905 -1 -2 3 -4 5 6 7 -8 9 10 -11 -12 -13 14 15 16 17 18 19 -20 0
uf20-0406 14088 1 2 -3 4 -5 -6 7 -8 -9 10 -11 -12 -13 -14 -15 16 -17 18 -19 20 0
uf20-0407 14090 1 -2 -3 4 -5 -6 7 8 -9 10 11 -12 -13 -14 15 -16 17 18 -19 20 0
uf20-0408 16436 -1 -2 -3 4 5 -6 7 8 9 -10 11 -12 13 -14 -15 16 -17 18 -19 20 0
uf20-0409 25357 1 2 3 -4 5 -6 7 8 -9 -10 11 -12 13 14 -15 -16 17 18 19 20 0
uf20-040 14088 -1 2 -3 4 5 6 -7 8 -9 10 11 12 -13 -14 -15 -16 17 -18 -19 -20 0
uf20-0410 14091 1 2 -3 4 5 6 -7 8 -9 -10 11 12 13 -14 15 -16 17 -18 19 -20 0
uf20-0411 7051 1 2 3 -4 5 6 -7 8 -9 10 11 12 -13 -14 -15 -16 17 18 -19 -20 0
uf20-0412 47124 1 2 -3 4 5 6 -7 -8 9 -10 -11 12 13 14 15 -16 17 18 19 20 0
uf20-0413 32194 -1 2 3 -4 5 6 7 8 9 -10 11 -12 -13 -14 15 -16 17 18 19 20 0
uf20-0414 7050 1 -2 -3 -4 5 6 7 -8 -9 10 -11 12 13 -14 -15 16 -17 18 19 -20 0
uf20-0415 45066 -1 -2 3 4 5 -6 7 -8 -9 10 11 12 -13 -14 15 16 -17 -18 19 -20 0
uf20-0416 39541 1 2 3 4 -5 6 7 -8 9 10 -11 -12 -13 14 -15 16 -17 18 19 20 0
uf20-0417 51637 1 -2 3 4 5 6 7 8 9 -10 -11 -12 13 14 15 16 17 18 19 -20 0
uf20-0418 50701 1 -2 -3 -4 5 6 7 8 9 10 -11 12 13 -14 15 16 17 18 -19 -20 0
uf20-0419 10 1 2 -3 4 -5 6 -7 8 9 -10 11 -12 -13 -14 -15 16 -17 18 19 -20 0
uf20-041 12 -1 -2 -3 4 5 -6 -7 8 9 10 11 12 13 -14 15 16 17 -18 -19 20 0
uf20-0420 7049 1 2 -3 -4 5 -6 7 8 -9 -10 11 -12 -13 14 15 16 -17 -18 -19 -20 0
uf20-0421 79211 -1 2 3 4 5 6 -7 -8 -9 -10 -11 12 13 14 -15 16 -17 18 -19 20 0
uf20-0422 19728 1 2 3 4 -5 6 7 8 9 10 -11 12 13 -14 15 16 17 18 -19 20 0
uf20-0423 14092 -1 2 -3 -4 5 6 7 8 -9 10 11 12 13 14 15 16 -17 -18 -19 -20 0
uf20-0424 14086 1 -2 3 4 -5 6 7 -8 -9 -10 -11 -12 13 -14 -15 16 -17 -18 -19 -20 0
uf20-0425 7050 1 -2 3 -4 -5 6 -7 8 -9 -10 11 -12 13 14 15 -16 -17 18 19 -20 0
uf20-0426 39120 1 -2 3 -4 -5 6 7 8 9 -10 11 12 -13 -14 15 16 17 18 19 20 0
uf20-0427 64780 -1 2 3 4 -5 6 -7 8 9 10 11 12 -13 14 -15 16 -17 -18 19 -20 0
uf20-0428 21133 1 2 3 -4 -5 -6 7 8 9 -10 11 -12 13 -14 15 16 17 18 -19 20 0
uf20-0429 39004 1 2 3 -4 5 6 7 8 9 10 11 -12 13 14 15 -16 -17 18 19 20 0
uf20-042 14091 -1 -2 -3 4 5 6 7 8 -9 10 11 12 -13 -14 15 -16 17 -18 19 -20 0
uf20-0430 41240 -1 -2 -3 4 -5 -6 7 8 9 -10 -11 -12 13 -14 15 16 -17 18 -19 20 0
uf20-0431 45767 1 -2 3 4 5 -6 7 8 -9 -10 -11 -12 13 -14 15 16 17 -18 19 20 0
uf20-0432 9397 1 2 3 4 5 6 7 8 -9 -10 -11 12 -13 -14 15 -16 -17 18 -19 -20 0
uf20-0433 38933 1 2 3 4 5 -6 -7 -8 9 10 11 -12 13 -14 -15 -16 17 -18 -19 -20 0
uf20-0434 81357 -1 -2 -3 4 -5 6 7 8 -9 10 -11 12 -13 -14 15 -16 -17 18 19 20 0
uf20-0435 7047 1 -2 -3 4 -5 -6 -7 -8 -9 -10 11 12 -13 -14 15 16 -17 -18 19 -20 0
uf20-0436 49289 -1 2 3 4 -5 6 -7 8 9 -10 11 12 13 -14 15 -16 17 18 -19 20 0
uf20-0437 7054 1 -2 3 4 5 6 7 8 9 10 11 12 -13 -14 -15 16 -17 18 -19 20 0
uf20-0438 9394 -1 -2 3 -4 -5 -6 7 -8 9 10 -11 -12 13 14 -15 16 -17 18 -19 -20 0
uf20-0439 44735 -1 2 3 -4 -5 6 -7 8 9 10 -11 12 13 14 -15 16 17 -18 19 20 0
uf20-043 7052 -1 2 3 4 -5 6 -7 8 -9 10 -11 12 -13 14 -15 16 -17 18 19 20 0
uf20-0440 25352 1 2 -3 -4 5 -6 7 -8 -9 10 -11 -12 13 -14 15 -16 -17 -18 -19 20 0
uf20-0441 77930 1 2 3 -4 5 6 7 -8 9 10 11 -12 -13 14 15 16 17 -18 -19 -20 0
uf20-0442 14086 -1 -2 3 -4 -5 6 -7 8 -9 -10 -11 -12 -13 -14 15 -16 17 18 19 -20 0
uf20-0443 48504 1 2 -3 -4 -5 -6 7 -8 -9 10 -11 12 -13 -14 15 -16 17 18 -19 20 0
uf20-0444 14087 -1 -2 -3 4 -5 6 -7 8 9 -10 -11 12 -13 -14 -15 -16 17 18 19 -20 0
uf20-0445 66450 1 2 -3 -4 -5 -6 -7 -8 9 10 11 -12 13 -14 15 -16 17 -18 19 20 0
uf20-0446 56526 1 -2 3 4 -5 6 -7 8 -9 10 -11 -12 13 14 -15 16 -17 -18 -19 -20 0
uf20-0447 63372 -1 -2 3 4 -5 6 -7 8 9 -10 -11 12 13 14 15 -16 17 18 -19 20 0
uf20-0448 24652 1 -2 -3 4 5 -6 7 -8 -9 10 -11 12 13 14 15 16 -17 18 19 -20 0
uf20-0449 8 -1 -2 3 4 -5 -6 -7 8 -9 -10 -11 12 13 14 15 -16 17 -18 -19 -20 0
uf20-044 28170 -1 2 3 -4 5 6 -7 -8 9 -10 11 -12 13 -14 15 -16 -17 -18 19 20 0
uf20-0450 68750 -1 2 3 -4 -5 6 -7 -8 -9 10 -11 12 13 -14 15 16 17 18 19 20 0
uf20-0451 57017 1 -2 -3 4 5 -6 7 8 9 10 -11 -12 13 14 15 16 -17 18 19 -20 0
uf20-0452 17608 -1 2 -3 -4 5 6 7 8 9 -10 -11 -12 13 14 -15 -16 -17 -18 -19 -20 0
uf20-0453 22539 1 2 3 -4 5 6 -7 8 -9 10 -11 12 -13 -14 15 -16 17 -18 19 -20 0
uf20-0454 23478 1 -2 -3 -4 5 6 -7 8 -9 -10 11 12 13 14 15 16 -17 18 -19 20 0
uf20-0455 9398 1 2 3 -4 5 6 7 -8 9 10 11 -12 -13 -14 15 16 -17 -18 19 -20 0
uf20-0456 61965 1 2 -3 4 5 6 7 8 -9 -10 11 12 13 14 15 -16 -17 -18 19 -20 0
uf20-0457 33802 -1 -2 -3 4 -5 6 -7 8 -9 10 11 12 13 14 -15 16 17 -18 -19 -20 0
uf20-0458 12 1 -2 -3 4 -5 -6 -7 8 -9 10 11 -12 -13 14 15 16 17 18 19 20 0
uf20-0459 33291 -1 2 3 4 -5 -6 7 8 -9 -10 11 12 13 14 -15 -16 17 -18 -19 20 0
uf20-045 58675 -1 2 3 4 -5 -6 -7 -8 -9 -10 11 12 -13 -14 15 -16 17 18 19 20 0
uf20-0460 58340 1 2 3 4 5 6 7 8 -9 -10 11 12 13 -14 15 -16 17 18 -19 20 0
uf20-0461 13 1 2 -3 4 5 6 7 8 -9 -10 -11 -12 -13 14 15 -16 17 18 19 20 0
uf20-0462 7053 1 -2 3 4 -5 6 -7 -8 -9 10 11 -12 13 14 15 -16 17 18 19 20 0
uf20-0463 14095 1 2 -3 -4 5 6 7 -8 9 10 11 12 13 14 15 16 17 -18 -19 20 0
uf20-0464 5 1 2 -3 -4 -5 -6 -7 -8 -9 -10 -11 -12 -13 14 -15 -16 -17 -18 19 20 0
uf20-0465 8 1 2 -3 -4 -5 6 7 -8 9 -10 -11 -12 13 -14 -15 -16 -17 18 19 -20 0
uf20-0466 7049 -1 2 -3 -4 5 -6 7 -8 -9 10 11 12 -13 14 -15 -16 17 18 -19 -20 0
uf20-0467 40846 1 2 3 4 5 -6 7 8 -9 10 11 -12 13 14 -15 16 -17 -18 19 20 0
uf20-0468 14090 -1 2 3 4 -5 -6 -7 -8 9 10 11 12 -13 -14 15 16 -17 -18 -19 20 0
uf20-0469 14089 -1 -2 -3 -4 5 6 7 -8 -9 10 -11 12 13 -14 15 -16 17 -18 -19 20 0
uf20-046 73222 1 -2 -3 -4 5 -6 -7 -8 -9 10 -11 12 13 -14 15 16 17 18 19 20 0
uf20-0470 91534 -1 2 -3 4 5 6 7 8 9 10 11 12 13 14 -15 -16 17 -18 -19 20 0
uf20-0471 43530 1 -2 3 -4 -5 6 -7 8 -9 10 -11 -12 13 14 15 -16 -17 18 19 -20 0
uf20-0472 21133 -1 2 3 -4 5 6 -7 8 9 10 11 -12 13 -14 15 16 -17 18 -19 20 0
uf20-0473 39338 1 2 -3 4 5 -6 -7 8 9 10 11 12 13 14 -15 -16 17 18 19 -20 0
uf20-0474 21131 -1 -2 -3 4 -5 6 -7 8 9 10 -11 12 13 14 15 16 17 -18 19 -20 0
uf20-0475 7049 -1 -2 3 -4 5 -6 7 8 -9 10 -11 12 -13 -14 15 -16 17 -18 -19 20 0
uf20-0476 7049 -1 2 -3 4 -5 -6 -7 -8 -9 -10 -11 12 13 14 -15 -16 17 18 19 20 0
uf20-0477 12 1 -2 3 4 5 6 7 8 9 10 -11 -12 13 -14 -15 -16 17 18 -19 -20 0
uf20-0478 21131 -1 2 -3 -4 -5 6 -7 8 9 10 11 12 13 -14 15 -16 -17 18 -19 20 0
uf20-0479 14092 -1 -2 3 -4 -5 -6 -7 8 -9 10 11 -12 13 14 15 16 17 18 19 20 0
uf20-047 21132 -1 -2 3 4 -5 6 7 -8 9 10 11 12 13 -14 15 -16 17 -18 -19 20 0
uf20-0480 53515 -1 -2 3 -4 5 -6 7 8 9 -10 11 12 13 -14 15 16 17 18 19 20 0
uf20-0481 9393 -1 -2 -3 -4 -5 6 7 -8 -9 10 -11 12 -13 -14 -15 -16 -17 18 19 20 0
uf20-0482 31690 -1 -2 -3 4 -5 6 7 8 -9 10 -11 12 -13 -14 -15 16 17 18 -19 20 0
uf20-0483 57480 -1 2 3 4 5 -6 7 8 -9 -10 11 12 13 -14 15 16 17 18 19 20 0
uf20-0484 14088 1 2 3 -4 -5 6 7 -8 9 -10 -11 -12 -13 14 15 -16 -17 -18 -19 20 0
uf20-0485 49801 -1 2 3 -4 5 -6 -7 8 9 -10 11 12 13 14 -15 -16 -17 18 19 20 0
uf20-0486 35208 -1 -2 -3 4 5 -6 7 -8 9 -10 11 -12 -13 14 15 -16 -17 -18 -19 20 0
uf20-0487 37805 -1 2 3 4 5 -6 -7 8 -9 10 11 12 13 14 15 -16 17 18 -19 20 0
uf20-0488 46942 1 -2 3 4 5 6 -7 -8 -9 10 -11 12 13 14 15 -16 17 -18 19 -20 0
uf20-0489 23477 1 2 3 4 -5 6 -7 8 -9 10 11 12 -13 14 -15 -16 17 -18 -19 20 0
uf20-048 11 1 2 -3 -4 -5 -6 7 -8 -9 10 -11 12 13 14 15 16 -17 18 19 -20 0
uf20-0490 13 1 -2 3 4 5 -6 7 8 9 10 -11 12 13 14 -15 -16 -17 18 -19 20 0
uf20-0491 22540 1 -2 -3 -4 -5 6 7 8 9 10 11 12 -13 -14 15 16 -17 18 -19 20 0
uf20-0492 57506 1 2 3 4 5 6 7 8 9 -10 11 -12 -13 -14 -15 16 17 18 19 20 0
uf20-0493 12 1 -2 -3 -4 5 6 7 8 9 -10 11 -12 -13 -14 15 16 17 -18 19 20 0
uf20-0494 57613 1 -2 -3 4 5 -6 7 8 9 10 -11 -12 13 14 15 -16 17 18 19 -20 0
uf20-0495 14091 1 2 3 4 -5 6 7 -8 -9 10 11 12 -13 14 15 -16 17 -18 -19 -20 0
uf20-0496 46941 1 2 -3 4 5 -6 -7 8 -9 -10 11 12 13 14 15 -16 -17 -18 -19 -20 0
uf20-0497 42248 1 2 -3 4 -5 6 7 8 -9 -10 11 12 13 -14 15 16 17 -18 -19 -20 0
uf20-0498 28171 1 2 3 -4 5 6 -7 -8 -9 -10 11 -12 13 14 15 16 17 -18 -19 -20 0
uf20-0499 45776 1 -2 3 4 5 6 7 -8 -9 10 11 12 13 14 15 16 17 18 19 20 0
uf20-049 3047 -1 -2 -3 4 -5 -6 7 8 -9 10 -11 -12 -13 14 15 16 -17 -18 -19 -20 0
uf20-04 6088 1 -2 3 4 -5 -6 7 -8 -9 10 11 -12 13 -14 -15 16 17 -18 -19 -20 0
uf20-0500 12171 1 2 3 -4 5 -6 7 8 -9 10 -11 12 13 -14 15 16 -17 18 -19 -20 0
uf20-0501 16224 1 2 3 -4 -5 -6 -7 8 -9 -10 11 12 13 14 15 16 -17 18 -19 20 0
uf20-0502 20656 1 -2 3 4 5 6 7 8 9 10 11 -12 13 14 15 16 17 -18 -19 20 0
uf20-0503 13825 -1 2 -3 4 5 6 -7 -8 9 10 -11 -12 13 14 -15 -16 -17 18 19 -20 0
uf20-0504 11 -1 2 -3 -4 -5 6 7 8 -9 -10 11 12 13 14 15 -16 -17 18 19 -20 0
uf20-0505 8116 -1 -2 3 4 -5 6 -7 -8 9 10 11 12 -13 14 15 16 -17 -18 19 -20 0
uf20-0506 10146 -1 2 3 4 -5 6 -7 8 9 10 -11 12 13 14 15 16 -17 18 19 20 0
uf20-0507 22300 -1 2 3 4 5 6 7 -8 -9 -10 -11 12 -13 -14 15 -16 17 18 -19 -20 0
uf20-0508 12166 -1 -2 -3 -4 -5 -6 7 8 -9 -10 -11 -12 -13 14 -15 -16 -17 18 19 20 0
uf20-0509 4063 1 2 3 -4 5 -6 -7 8 9 10 -11 -12 -13 14 15 16 -17 18 -19 -20 0
uf20-050 9 -1 2 3 4 -5 -6 -7 8 9 10 -11 -12 -13 -14 15 -16 17 -18 -19 20 0
uf20-0510 40910 1 2 -3 -4 -5 6 7 -8 9 -10 11 12 13 14 15 16 17 -18 -19 20 0
uf20-0511 21292 -1 -2 3 -4 5 6 7 8 9 10 11 -12 -13 -14 15 -16 17 18 19 -20 0
uf20-0512 12169 -1 -2 -3 4 5 -6 7 -8 9 -10 11 12 -13 14 15 16 17 18 -19 -20 0
uf20-0513 12171 1 2 3 4 -5 -6 7 8 9 -10 -11 12 -13 -14 -15 -16 -17 18 19 20 0
uf20-0514 10 -1 2 3 -4 -5 6 -7 8 9 10 -11 12 -13 -14 15 -16 17 -18 -19 20 0
uf20-0515 13993 -1 2 -3 -4 -5 -6 7 -8 -9 10 11 12 -13 14 -15 16 -17 18 -19 20 0
uf20-0516 26768 1 2 -3 4 5 6 7 8 9 -10 11 -12 -13 14 15 16 17 18 19 20 0
uf20-0517 13 1 -2 3 4 -5 6 7 -8 9 -10 11 12 13 14 15 16 -17 -18 -19 20 0
uf20-0518 10 1 2 3 -4 -5 -6 7 -8 -9 10 11 12 -13 -14 15 16 -17 -18 -19 20 0
uf20-0519 9 -1 2 -3 4 -5 -6 7 -8 9 10 -11 -12 13 -14 15 -16 -17 18 19 -20 0
uf20-051 9132 -1 -2 -3 4 5 6 7 -8 -9 10 11 12 -13 -14 15 -16 17 18 19 20 0
uf20-0520 6092 1 -2 3 -4 5 6 -7 -8 -9 10 11 -12 13 -14 15 16 17 18 19 -20 0
uf20-0521 6090 1 2 3 -4 -5 -6 7 8 -9 10 11 12 -13 -14 -15 -16 17 18 -19 20 0
uf20-0522 24636 -1 2 3 4 -5 6 7 8 9 -10 11 12 -13 14 -15 16 -17 -18 -19 20 0
uf20-0523 4065 1 2 3 -4 5 6 7 -8 -9 10 11 12 -13 14 15 -16 17 -18 -19 -20 0
uf20-0524 12 1 -2 3 -4 -5 6 -7 8 9 10 11 12 13 -14 15 -16 -17 18 -19 20 0
uf20-0525 28130 1 2 3 4 5 6 7 8 -9 10 11 12 -13 14 -15 16 17 -18 -19 20 0
uf20-0526 3052 -1 2 3 -4 5 6 7 8 -9 10 -11 12 -13 14 -15 16 17 18 -19 -20 0
uf20-0527 6095 -1 2 3 -4 5 6 -7 8 9 -10 11 12 13 14 15 16 -17 18 19 20 0
uf20-0528 9 -1 -2 -3 4 -5 6 -7 8 -9 10 11 -12 13 -14 -15 16 17 -18 19 -20 0
uf20-0529 12172 1 -2 -3 4 -5 6 7 8 9 10 11 12 -13 14 15 -16 17 -18 19 20 0
uf20-052 13691 1 2 3 4 5 6 7 -8 -9 -10 -11 -12 13 -14 15 -16 17 -18 -19 20 0
uf20-0530 10955 1 2 3 4 -5 6 -7 -8 9 -10 -11 -12 13 -14 -15 16 17 -18 19 20 0
uf20-0531 29599 1 2 3 4 -5 6 -7 -8 -9 10 -11 -12 -13 14 15 16 -17 18 19 20 0
uf20-0532 3044 -1 -2 3 4 -5 -6 -7 -8 -9 10 -11 -12 -13 -14 -15 -16 -17 -18 -19 20 0
uf20-0533 4063 -1 2 -3 4 -5 6 -7 8 -9 10 11 -12 -13 14 15 16 -17 18 19 -20 0
uf20-0534 15213 1 -2 3 4 5 -6 7 -8 9 10 -11 12 -13 -14 15 16 17 -18 19 20 0
uf20-0535 21669 -1 2 3 4 5 6 7 -8 -9 10 -11 12 13 -14 -15 16 -17 18 19 -20 0
uf20-0536 10 1 -2 -3 4 5 -6 7 8 9 -10 -11 12 -13 -14 15 16 -17 18 -19 -20 0
uf20-0537 12168 -1 2 3 4 -5 6 -7 -8 9 -10 11 12 -13 14 -15 16 17 -18 -19 20 0
uf20-0538 9131 1 2 3 4 -5 6 7 8 -9 -10 -11 12 13 -14 -15 -16 -17 18 19 -20 0
uf20-0539 28380 -1 2 3 -4 5 -6 7 -8 9 10 -11 -12 -13 14 -15 -16 17 18 19 -20 0
uf20-053 3049 1 2 -3 -4 -5 -6 -7 8 9 10 -11 12 13 -14 15 16 -17 -18 -19 -20 0
uf20-0540 16732 -1 2 3 -4 5 -6 7 8 9 10 11 12 -13 -14 15 -16 17 18 -19 -20 0
uf20-0541 23113 -1 2 3 4 -5 -6 7 -8 9 -10 -11 12 -13 -14 15 -16 -17 -18 19 20 0
uf20-0542 3053 1 2 3 4 5 -6 7 8 9 -10 11 -12 -13 14 15 -16 -17 -18 19 20 0
uf20-0543 3053 -1 -2 3 -4 -5 6 7 8 -9 10 11 12 13 14 15 16 17 -18 19 -20 0
uf20-0544 17380 -1 -2 -3 -4 5 6 -7 8 9 10 -11 12 -13 14 -15 -16 17 18 19 20 0
uf20-0545 3053 1 2 3 -4 5 -6 7 -8 9 10 11 -12 -13 14 -15 16 -17 18 19 20 0
uf20-0546 12172 1 2 3 4 -5 -6 7 -8 -9 10 11 12 13 -14 15 16 -17 -18 19 20 0
uf20-0547 3054 1 2 3 -4 5 -6 7 8 9 10 -11 -12 13 14 -15 16 17 18 -19 20 0
uf20-0548 16221 -1 -2 3 4 -5 -6 -7 8 9 -10 11 -12 13 -14 -15 -16 17 -18 19 20 0
uf20-0549 17236 1 2 3 -4 -5 -6 7 8 9 -10 11 12 -13 -14 15 -16 17 18 -19 -20 0
uf20-054 16512 -1 -2 -3 -4 5 6 -7 8 -9 10 11 12 13 -14 15 16 -17 -18 19 20 0
uf20-0550 13 1 2 -3 -4 -5 6 -7 8 -9 10 11 12 13 -14 15 16 -17 18 19 20 0
uf20-0551 6090 -1 -2 -3 4 -5 -6 7 8 9 10 -11 12 13 -14 15 -16 -17 18 -19 20 0
uf20-0552 3049 -1 -2 3 -4 5 -6 -7 -8 9 -10 -11 -12 13 14 15 16 -17 -18 19 20 0
uf20-0553 3049 1 -2 -3 4 -5 6 7 8 9 -10 -11 -12 -13 -14 15 -16 -17 18 19 -20 0
uf20-0554 21295 1 2 3 -4 5 6 -7 8 9 -10 -11 -12 13 14 15 16 17 18 19 20 0
uf20-0555 16224 1 2 -3 -4 -5 6 -7 -8 9 10 11 12 -13 -14 15 16 17 18 -19 20 0
uf20-0556 4064 -1 -2 3 -4 5 6 7 8 -9 -10 -11 12 13 14 -15 16 17 18 19 -20 0
uf20-0557 22508 -1 2 -3 4 5 -6 -7 8 9 10 11 12 13 14 15 -16 -17 -18 -19 20 0
uf20-0558 9887 -1 -2 3 -4 -5 6 7 -8 9 -10 -11 -12 13 -14 15 -16 -17 -18 19 -20 0
uf20-0559 15212 -1 2 -3 -4 5 -6 7 8 9 10 11 -12 13 -14 15 -16 17 -18 19 20 0
uf20-055 18248 1 -2 3 4 -5 -6 -7 8 9 10 11 -12 -13 14 15 16 -17 -18 19 20 0
uf20-0560 6091 1 -2 3 4 5 -6 -7 8 9 -10 -11 -12 13 14 -15 -16 17 18 19 20 0
uf20-0561 8700 -1 2 -3 -4 5 6 7 8 9 10 11 -12 13 14 15 16 17 18 19 20 0
uf20-0562 4061 1 -2 -3 -4 5 -6 -7 -8 9 10 11 12 -13 14 15 -16 -17 -18 -19 20 0
uf20-0563 22053 1 -2 -3 4 5 -6 7 -8 9 10 -11 12 13 14 15 16 17 -18 19 -20 0
uf20-0564 6091 -1 -2 3 -4 -5 6 7 8 9 10 11 -12 -13 14 -15 16 -17 18 19 20 0
uf20-0565 10347 1 -2 3 4 5 -6 -7 8 9 10 -11 12 -13 14 -15 -16 -17 18 -19 20 0
uf20-0566 30411 1 2 3 -4 5 -6 -7 -8 9 10 -11 12 13 14 -15 -16 -17 -18 19 20 0
uf20-0567 31503 1 -2 -3 4 -5 -6 7 8 -9 -10 11 12 13 14 15 16 17 -18 -19 20 0
uf20-0568 9129 -1 -2 3 4 5 6 -7 -8 -9 10 11 -12 -13 14 15 16 17 -18 19 -20 0
uf20-0569 24329 -1 2 3 4 -5 -6 7 -8 9 10 11 -12 13 -14 15 16 -17 -18 19 20 0
uf20-056 13104 -1 -2 -3 4 5 -6 7 8 -9 10 11 -12 13 14 -15 16 17 -18 19 -20 0
uf20-0570 25091 -1 2 3 4 5 -6 7 -8 9 -10 -11 -12 13 -14 15 -16 17 18 -19 20 0
uf20-0571 29195 -1 -2 -3 -4 5 6 7 8 9 10 11 -12 -13 -14 -15 16 -17 18 19 20 0
uf20-0572 3049 -1 2 -3 -4 -5 6 7 -8 9 10 -11 -12 13 14 -15 16 -17 -18 19 -20 0
uf20-0573 12935 1 2 -3 -4 5 6 7 8 9 10 11 12 13 14 -15 -16 17 -18 19 20 0
uf20-0574 3048 -1 2 3 -4 -5 -6 -7 -8 -9 10 -11 12 -13 -14 -15 16 -17 18 19 20 0
uf20-0575 10652 1 -2 -3 4 -5 6 -7 8 9 10 11 -12 13 14 -15 16 17 -18 -19 20 0
uf20-0576 9 1 2 -3 4 -5 -6 -7 -8 -9 10 -11 12 13 14 -15 -16 -17 18 19 -20 0
uf20-0577 20679 -1 -2 -3 -4 5 -6 7 -8 -9 -10 11 12 13 -14 -15 16 17 -18 19 -20 0
uf20-0578 10143 1 2 3 4 5 6 -7 -8 9 -10 -11 12 -13 14 -15 -16 -17 -18 19 20 0
uf20-0579 6095 1 2 3 4 5 -6 7 8 9 -10 11 12 -13 14 15 16 -17 -18 19 20 0
uf20-057 17643 1 2 3 -4 -5 6 7 -8 9 10 11 12 -13 -14 -15 -16 -17 -18 19 20 0
uf20-0580 27372 1 -2 -3 4 -5 6 7 8 9 10 11 -12 -13 14 15 16 -17 -18 -19 20 0
uf20-0581 4066 -1 2 3 4 -5 6 7 8 9 -10 11 12 -13 14 15 -16 -17 -18 19 20 0
uf20-0582 10 1 -2 3 4 -5 6 -7 -8 -9 10 11 -12 -13 14 15 16 -17 -18 -19 20 0
uf20-0583 6091 -1 -2 -3 -4 5 6 7 8 9 -10 11 12 13 -14 -15 -16 17 18 19 -20 0
uf20-0584 3048 1 2 -3 -4 5 6 -7 8 -9 -10 -11 -12 13 -14 15 16 -17 -18 -19 -20 0
uf20-0585 21797 1 2 3 4 5 6 7 8 -9 10 -11 -12 13 -14 15 16 17 18 -19 -20 0
uf20-0586 9 -1 -2 3 -4 -5 6 7 8 -9 -10 11 -12 13 -14 15 16 -17 18 -19 -20 0
uf20-0587 10954 1 2 -3 -4 -5 6 -7 -8 -9 10 -11 12 13 -14 15 16 -17 -18 19 20 0
uf20-0588 39484 1 -2 3 -4 5 6 -7 8 9 10 11 -12 -13 14 15 16 17 18 -19 20 0
uf20-0589 13392 1 2 3 4 5 -6 7 8 9 10 -11 -12 13 -14 15 16 17 18 19 20 0
uf20-058 17382 1 2 3 -4 -5 -6 7 -8 -9 10 -11 12 13 14 -15 16 17 18 19 20 0
uf20-0590 15209 -1 2 -3 -4 -5 6 -7 8 -9 -10 -11 -12 13 14 15 -16 17 -18 19 20 0
uf20-0591 3050 1 -2 3 -4 5 6 -7 -8 -9 10 -11 12 -13 14 -15 16 -17 18 19 -20 0
uf20-0592 9892 1 -2 3 4 5 6 -7 -8 9 -10 11 12 -13 14 -15 -16 17 -18 19 20 0
uf20-0593 34058 -1 -2 -3 4 5 6 -7 -8 -9 -10 -11 12 13 14 -15 16 17 -18 19 20 0
uf20-0594 7 1 -2 -3 -4 -5 -6 7 8 -9 -10 -11 12 -13 14 15 -16 -17 18 -19 -20 0
uf20-0595 4065 -1 2 3 -4 5 6 7 8 9 -10 -11 12 13 -14 -15 16 17 -18 19 -20 0
uf20-0596 3049 1 -2 3 4 -5 6 -7 8 9 -10 -11 -12 13 -14 -15 -16 -17 18 -19 20 0
uf20-0597 3053 -1 -2 3 4 5 -6 7 8 9 10 -11 12 13 14 -15 -16 -17 18 19 20 0
uf20-0598 3051 1 -2 -3 -4 5 6 -7 -8 -9 10 11 12 -13 14 15 16 17 -18 -19 20 0
uf20-0599 3050 1 -2 -3 4 -5 -6 7 -8 9 -10 -11 12 13 14 15 -16 17 -18 19 -20 0
uf20-059 9 1 -2 -3 -4 -5 -6 7 8 -9 10 11 -12 -13 -14 -15 16 17 -18 19 20 0
uf20-05 3049 -1 -2 -3 -4 5 -6 7 -8 -9 10 -11 12 13 -14 15 16 -17 18 -19 20 0
uf20-0600 8 1 -2 -3 -4 -5 6 -7 8 9 10 -11 12 -13 14 -15 -16 17 -18 -19 -20 0
uf20-0601 6088 -1 2 -3 4 -5 -6 7 8 -9 10 -11 12 -13 14 15 -16 17 -18 -19 20 0
uf20-0602 15209 -1 2 3 -4 5 -6 -7 -8 -9 10 11 12 13 14 15 16 -17 -18 19 20 0
uf20-0603 13902 -1 2 -3 -4 -5 -6 7 8 -9 10 -11 12 -13 14 -15 -16 -17 -18 -19 20 0
uf20-0604 25486 -1 2 3 4 5 6 7 8 -9 -10 11 -12 -13 -14 15 16 17 18 19 20 0
uf20-0605 22815 1 2 3 4 5 6 -7 8 9 -10 11 12 13 -14 -15 16 17 -18 19 20 0
uf20-0606 12 -1 -2 3 4 5 6 7 -8 9 -10 -11 -12 13 -14 -15 16 17 18 19 20 0
uf20-0607 11 -1 2 -3 4 5 -6 7 8 9 -10 11 12 13 -14 15 -16 -17 18 -19 -20 0
uf20-0608 12168 1 -2 3 -4 5 6 7 8 -9 10 11 12 -13 -14 15 -16 17 -18 -19 -20 0
uf20-0609 32434 1 2 -3 4 -5 6 7 8 9 -10 -11 -12 -13 14 -15 16 -17 -18 19 -20 0
uf20-060 9132 1 2 3 -4 5 6 7 8 9 -10 -11 -12 -13 14 15 -16 17 18 19 -20 0
uf20-0610 10956 1 -2 3 4 5 6 -7 8 9 -10 11 12 -13 -14 -15 -16 17 -18 19 20 0
uf20-0611 12166 -1 2 -3 4 -5 6 -7 -8 -9 10 -11 12 -13 14 15 -16 -17 -18 -19 -20 0
uf20-0612 3050 -1 -2 3 4 -5 6 -7 8 9 10 -11 12 -13 14 -15 -16 17 -18 -19 20 0
uf20-0613 10142 -1 2 3 -4 5 6 7 8 9 -10 -11 -12 -13 -14 15 -16 -17 18 19 20 0
uf20-0614 12 1 2 3 -4 5 6 7 -8 9 10 -11 12 -13 -14 15 16 -17 -18 -19 20 0
uf20-0615 9129 -1 -2 3 4 -5 -6 7 -8 -9 -10 11 12 13 -14 -15 16 17 18 -19 20 0
uf20-0616 6088 -1 2 -3 4 -5 -6 7 8 -9 -10 -11 12 13 -14 -15 -16 -17 18 19 -20 0
uf20-0617 13828 1 -2 3 4 -5 6 7 8 9 10 -11 -12 13 14 15 16 17 -18 -19 -20 0
uf20-0618 3049 -1 2 -3 4 -5 -6 -7 8 9 -10 11 -12 13 -14 -15 -16 17 18 19 -20 0
uf20-0619 20878 1 -2 3 4 5 6 7 8 -9 10 11 12 13 -14 15 -16 17 18 19 -20 0
uf20-061 11 1 2 3 -4 5 -6 7 8 -9 10 -11 -12 13 -14 15 -16 -17 18 -19 20 0
uf20-0620 36486 -1 2 3 4 5 -6 -7 8 9 10 11 -12 13 14 -15 16 -17 -18 -19 -20 0
uf20-0621 9737 -1 2 -3 -4 -5 -6 -7 -8 9 10 -11 -12 13 14 -15 -16 17 18 19 20 0
uf20-0622 20020 -1 -2 -3 4 5 6 -7 8 9 -10 11 12 13 14 15 -16 17 -18 -19 -20 0
uf20-0623 6087 1 -2 3 4 -5 -6 -7 8 -9 -10 -11 12 -13 -14 15 -16 17 -18 -19 20 0
uf20-0624 23115 -1 2 -3 4 -5 6 -7 8 -9 10 -11 12 -13 14 15 -16 17 18 19 -20 0
uf20-0625 11 -1 2 -3 4 -5 -6 7 8 -9 10 11 12 -13 -14 15 16 -17 18 -19 20 0
uf20-0626 13184 -1 2 3 -4 -5 -6 -7 8 9 10 11 12 13 -14 15 16 -17 18 19 20 0
uf20-0627 31630 1 -2 3 4 -5 6 7 8 -9 -10 11 12 -13 14 15 -16 17 18 19 20 0
uf20-0628 10652 -1 2 3 -4 -5 -6 -7 8 -9 10 11 12 13 14 15 16 17 18 -19 -20 0
uf20-0629 16040 1 2 3 4 5 -6 7 8 9 10 -11 12 -13 14 15 16 -17 -18 19 -20 0
uf20-062 15689 1 -2 3 -4 5 6 7 -8 -9 -10 -11 12 -13 -14 -15 -16 17 18 -19 20 0
uf20-0630 13 -1 -2 -3 4 5 6 7 8 -9 10 -11 12 13 14 -15 16 17 18 19 -20 0
uf20-0631 10 1 2 -3 4 -5 6 7 -8 -9 10 11 -12 13 -14 15 -16 -17 -18 -19 20 0
uf20-0632 7104 -1 2 3 4 -5 6 -7 8 9 10 11 -12 -13 14 15 16 17 -18 -19 -20 0
uf20-0633 14505 1 -2 3 4 -5 -6 7 -8 -9 10 -11 -12 -13 -14 15 -16 -17 18 19 20 0
uf20-0634 59512 -1 2 3 -4 5 6 7 -8 9 10 11 12 -13 -14 -15 -16 17 18 -19 -20 0
uf20-0635 9812 1 -2 -3 -4 5 6 -7 -8 -9 10 11 -12 13 14 15 16 -17 -18 19 -20 0
uf20-0636 67229 1 2 3 -4 -5 6 7 8 9 10 11 -12 -13 -14 -15 16 17 18 19 -20 0
uf20-0637 17654 1 -2 -3 -4 5 -6 -7 -8 9 10 -11 12 -13 -14 15 -16 -17 -18 19 20 0
uf20-0638 21012 1 -2 -3 -4 5 -6 -7 -8 -9 -10 11 -12 -13 -14 15 16 -17 18 19 -20 0
uf20-0639 22068 1 -2 3 4 5 6 7 8 -9 10 -11 -12 -13 -14 15 -16 17 -18 19 20 0
uf20-063 39224 1 2 3 -4 5 6 -7 8 9 -10 11 12 13 -14 -15 16 17 18 19 20 0
uf20-0640 58828 1 2 -3 4 5 6 -7 -8 9 -10 -11 -12 13 14 -15 16 -17 -18 19 -20 0
uf20-0641 29419 1 2 -3 4 -5 6 7 8 9 -10 -11 -12 -13 14 -15 16 -17 18 -19 20 0
uf20-0642 48132 -1 2 3 -4 -5 6 -7 8 -9 -10 11 12 -13 -14 15 -16 17 18 19 20 0
uf20-0643 66851 -1 2 3 -4 5 -6 7 8 -9 10 11 -12 13 14 15 -16 17 18 19 -20 0
uf20-0644 30469 1 2 3 4 -5 -6 -7 8 9 10 -11 12 -13 14 15 -16 -17 -18 19 20 0
uf20-0645 53925 1 2 3 -4 -5 -6 -7 -8 9 -10 11 -12 13 -14 15 -16 -17 -18 19 -20 0
uf20-0646 29420 1 -2 -3 4 -5 -6 7 8 -9 10 -11 12 13 14 15 16 -17 -18 19 20 0
uf20-0647 7362 1 2 -3 4 5 6 -7 -8 -9 -10 11 -12 13 14 -15 16 -17 -18 -19 20 0
uf20-0648 55561 1 2 3 4 5 -6 -7 8 9 -10 11 -12 -13 14 15 16 17 -18 19 -20 0
uf20-0649 59748 -1 2 3 4 5 -6 7 8 9 -10 11 12 -13 14 15 16 -17 18 -19 -20 0
uf20-064 29421 1 -2 3 4 -5 -6 -7 8 9 -10 11 12 13 14 -15 16 17 -18 19 20 0
uf20-0650 71930 -1 2 -3 4 -5 -6 7 -8 -9 -10 11 -12 13 14 -15 16 -17 -18 -19 20 0
uf20-0651 33096 -1 -2 -3 4 5 6 7 8 9 10 -11 -12 -13 -14 15 16 17 18 19 -20 0
uf20-0652 7365 -1 -2 3 4 5 6 7 8 9 10 11 12 13 -14 -15 16 -17 -18 19 -20 0
uf20-0653 63181 1 2 3 -4 -5 6 7 -8 -9 -10 11 -12 13 14 -15 -16 -17 18 19 20 0
uf20-0654 28287 -1 -2 -3 -4 5 6 7 -8 -9 10 -11 12 13 -14 -15 16 17 18 19 20 0
uf20-0655 64022 1 2 -3 -4 5 6 -7 8 -9 10 11 12 13 -14 -15 16 17 -18 -19 20 0
uf20-0656 7361 1 2 -3 4 5 -6 -7 -8 9 -10 -11 12 -13 14 -15 -16 -17 18 19 -20 0
uf20-0657 35852 -1 -2 -3 4 -5 6 7 -8 -9 10 11 12 13 14 -15 16 17 18 -19 -20 0
uf20-0658 31521 1 -2 3 4 5 6 -7 -8 -9 10 11 -12 -13 -14 15 -16 17 18 -19 20 0
uf20-0659 52107 1 -2 3 4 5 6 -7 -8 9 10 11 -12 13 -14 -15 16 17 18 19 20 0
uf20-065 29418 1 -2 3 -4 -5 6 -7 8 -9 -10 11 12 13 14 -15 -16 17 -18 19 -20 0
uf20-0660 7364 1 2 -3 -4 5 -6 7 8 9 10 -11 12 -13 14 15 -16 -17 18 19 -20 0
uf20-0661 14715 -1 2 -3 -4 -5 6 -7 8 9 10 -11 -12 13 14 15 16 -17 18 -19 20 0
uf20-0662 43558 1 2 -3 4 5 6 -7 8 9 -10 -11 -12 -13 14 15 16 -17 18 19 -20 0
uf20-0663 17164 1 2 -3 -4 -5 6 7 8 9 10 -11 -12 -13 14 -15 -16 17 -18 -19 -20 0
uf20-0664 12 1 2 3 4 5 6 -7 -8 9 -10 -11 -12 13 -14 -15 16 -17 18 19 20 0
uf20-0665 59406 -1 2 -3 -4 5 -6 -7 8 9 10 11 12 -13 14 -15 16 17 -18 19 20 0
uf20-0666 14713 1 2 3 -4 5 -6 7 8 9 -10 -11 -12 -13 14 -15 -16 -17 -18 -19 20 0
uf20-0667 95594 -1 2 -3 4 5 6 -7 8 9 10 11 12 13 14 -15 -16 17 18 19 20 0
uf20-0668 35301 1 -2 3 -4 5 -6 -7 -8 -9 -10 11 12 -13 14 15 -16 -17 -18 19 20 0
uf20-0669 7363 1 2 -3 4 -5 -6 -7 -8 -9 10 11 -12 -13 14 15 16 -17 18 19 20 0
uf20-066 29422 1 2 -3 4 -5 6 7 -8 9 -10 11 12 13 14 15 16 17 -18 -19 20 0
uf20-0670 7360 -1 2 -3 4 5 -6 -7 -8 9 10 -11 12 -13 14 -15 -16 -17 18 -19 -20 0
uf20-0671 41800 -1 -2 -3 -4 5 -6 7 -8 -9 10 11 12 13 -14 15 -16 17 -18 -19 20 0
uf20-0672 9813 1 -2 3 4 -5 6 -7 -8 9 10 11 -12 13 -14 15 -16 -17 18 -19 -20 0
uf20-0673 101470 -1 2 -3 4 5 6 -7 -8 -9 10 11 12 -13 14 -15 16 -17 -18 19 20 0
uf20-0674 7 -1 -2 3 -4 -5 -6 -7 8 -9 -10 11 -12 13 14 15 -16 -17 18 -19 -20 0
uf20-0675 7365 1 2 3 4 -5 -6 7 8 9 -10 -11 12 13 14 15 -16 -17 18 -19 20 0
uf20-0676 53311 -1 -2 -3 -4 5 6 7 -8 9 10 11 12 13 -14 -15 16 -17 -18 -19 -20 0
uf20-0677 46223 -1 -2 3 4 -5 6 7 -8 -9 10 -11 -12 13 14 -15 16 17 18 -19 20 0
uf20-0678 10 -1 2 3 4 5 6 -7 -8 -9 10 -11 12 -13 -14 -15 16 -17 -18 19 20 0
uf20-0679 37826 1 2 3 4 5 -6 7 8 9 10 -11 -12 13 14 15 16 17 18 19 -20 0
uf20-067 100793 -1 2 3 4 5 -6 -7 8 9 10 11 12 -13 14 15 -16 -17 18 19 -20 0
uf20-0680 7365 -1 2 3 4 -5 -6 7 8 9 -10 -11 -12 13 14 15 16 17 18 19 -20 0
uf20-0681 32363 1 2 3 4 5 -6 -7 8 9 -10 -11 -12 13 14 15 16 -17 18 19 20 0
uf20-0682 49371 -1 2 -3 -4 -5 -6 7 -8 9 10 -11 -12 -13 14 -15 -16 17 -18 -19 -20 0
uf20-0683 12 1 -2 -3 -4 -5 6 7 8 -9 -10 11 -12 13 14 15 16 17 -18 19 20 0
uf20-0684 9 -1 2 -3 -4 -5 -6 7 -8 9 10 -11 -12 13 14 15 16 -17 18 -19 -20 0
uf20-0685 33834 -1 2 -3 4 -5 6 -7 8 9 10 11 12 -13 14 15 -16 17 -18 19 20 0
uf20-0686 21015 1 -2 -3 4 5 6 -7 8 9 -10 -11 -12 -13 14 -15 -16 17 18 19 -20 0
uf20-0687 7363 -1 2 3 -4 -5 6 7 -8 -9 -10 11 12 13 -14 -15 16 17 18 -19 20 0
uf20-0688 84560 1 -2 3 4 5 6 7 -8 -9 10 -11 -12 -13 -14 -15 16 17 18 19 20 0
uf20-0689 29419 1 2 -3 -4 5 6 -7 8 9 10 11 12 -13 14 -15 16 -17 -18 19 -20 0
uf20-068 39222 -1 2 3 4 -5 6 -7 8 9 -10 11 -12 13 14 15 16 -17 18 -19 20 0
uf20-0690 75903 1 -2 -3 4 -5 -6 -7 8 9 10 11 -12 13 -14 -15 16 17 -18 19 -20 0
uf20-0691 12 1 2 -3 -4 5 -6 7 8 -9 10 -11 12 13 -14 15 -16 17 18 19 -20 0
uf20-0692 14716 -1 2 -3 4 5 -6 -7 -8 9 10 11 -12 13 14 15 -16 17 -18 19 20 0
uf20-0693 7364 -1 -2 -3 -4 5 -6 7 -8 9 10 11 -12 13 14 15 16 17 -18 19 20 0
uf20-0694 7365 -1 2 3 4 5 6 -7 -8 9 10 11 12 -13 -14 -15 -16 17 18 19 20 0
uf20-0695 7368 1 2 3 -4 5 6 7 8 9 10 -11 -12 13 14 15 16 -17 18 19 20 0
uf20-0696 26967 1 2 3 4 5 6 -7 8 9 10 -11 12 -13 -14 15 -16 -17 18 -19 -20 0
uf20-0697 53926 -1 2 3 -4 5 -6 7 8 9 -10 11 12 13 -14 -15 -16 17 18 19 -20 0
uf20-0698 14 -1 -2 3 4 5 6 7 8 -9 10 11 12 -13 14 15 16 17 -18 19 -20 0
uf20-0699 14712 -1 2 3 4 -5 -6 -7 8 -9 10 11 12 -13 -14 -15 -16 17 -18 -19 -20 0
uf20-069 7362 1 2 3 4 -5 -6 -7 -8 9 -10 11 -12 13 14 -15 -16 17 -18 19 -20 0
uf20-06 14718 1 2 -3 -4 5 -6 -7 8 -9 10 11 12 -13 14 15 16 17 18 19 20 0
uf20-0700 11 -1 2 -3 4 5 6 7 -8 9 -10 11 12 -13 -14 -15 16 -17 18 19 -20 0
uf20-0701 9 1 2 3 4 -5 -6 7 8 9 -10 -11 12 13 -14 -15 -16 -17 -18 -19 -20 0
uf20-0702 94777 1 2 3 4 5 6 7 8 9 10 -11 12 13 14 -15 -16 17 18 19 20 0
uf20-0703 53683 -1 2 -3 4 5 6 7 8 -9 -10 -11 12 13 14 -15 -16 17 18 -19 20 0
uf20-0704 68629 -1 -2 -3 4 -5 6 7 -8 -9 10 -11 -12 13 -14 15 16 17 18 -19 -20 0
uf20-0705 7364 -1 2 3 4 5 6 7 8 -9 -10 11 12 -13 -14 -15 16 17 18 -19 -20 0
uf20-0706 90818 -1 -2 3 -4 5 6 -7 8 9 10 11 -12 13 14 15 -16 17 18 19 20 0
uf20-0707 29418 -1 -2 3 4 -5 6 -7 -8 9 10 -11 -12 -13 14 15 16 -17 -18 19 20 0
uf20-0708 11 1 -2 3 -4 5 6 7 8 -9 10 11 12 -13 -14 -15 -16 17 18 -19 -20 0
uf20-0709 44129 1 -2 3 -4 -5 -6 7 8 9 10 -11 -12 13 14 15 16 17 18 19 20 0
uf20-070 54205 1 -2 -3 -4 -5 6 -7 -8 9 10 11 12 13 -14 -15 -16 17 18 19 -20 0
uf20-0710 22064 -1 -2 -3 -4 5 -6 -7 8 9 -10 -11 12 13 -14 15 16 -17 -18 -19 20 0
uf20-0711 18390 -1 2 -3 4 -5 6 -7 -8 9 10 11 -12 -13 -14 -15 -16 17 18 19 20 0
uf20-0712 11 -1 2 3 -4 -5 6 -7 -8 -9 10 -11 12 13 14 -15 -16 17 18 19 20 0
uf20-0713 41672 -1 -2 -3 4 5 6 -7 -8 9 -10 11 -12 -13 -14 15 16 17 18 19 20 0
uf20-0714 46332 -1 2 -3 4 5 -6 -7 8 9 10 -11 12 13 14 15 16 17 18 19 20 0
uf20-0715 10 1 -2 3 4 -5 -6 -7 8 -9 10 11 -12 13 14 15 -16 17 -18 -19 -20 0
uf20-0716 10 -1 -2 -3 4 -5 6 -7 8 9 10 -11 -12 13 14 -15 16 17 -18 -19 20 0
uf20-0717 7364 1 2 3 4 5 -6 7 8 -9 10 -11 12 -13 14 15 -16 -17 18 -19 -20 0
uf20-0718 22064 -1 -2 -3 -4 -5 6 7 -8 -9 -10 11 12 13 -14 -15 16 -17 -18 19 -20 0
uf20-0719 20596 -1 2 -3 -4 -5 6 7 -8 9 -10 11 12 13 -14 -15 -16 -17 -18 19 20 0
uf20-071 58827 1 2 -3 4 5 6 -7 -8 -9 -10 11 -12 13 -14 15 -16 -17 -18 -19 20 0
uf20-0720 25216 1 -2 3 4 -5 -6 -7 8 -9 10 11 -12 -13 -14 15 16 -17 -18 19 20 0
uf20-0721 49026 -1 2 3 4 -5 -6 7 -8 9 -10 -11 12 13 14 15 16 17 18 19 20 0
uf20-0722 60378 1 2 -3 4 -5 6 7 8 -9 10 11 12 -13 14 15 16 17 18 19 -20 0
uf20-0723 14716 1 -2 -3 4 5 6 7 -8 9 10 11 -12 -13 -14 15 -16 17 -18 19 20 0
uf20-0724 53860 1 2 3 4 5 -6 7 8 -9 10 11 12 13 -14 15 16 17 18 19 20 0
uf20-0725 8 1 -2 -3 -4 5 6 7 8 -9 -10 -11 -12 13 -14 -15 16 17 -18 -19 -20 0
uf20-0726 40448 1 2 3 -4 -5 -6 -7 8 9 -10 11 12 -13 -14 15 -16 17 18 19 20 0
uf20-0727 68185 -1 2 -3 -4 5 -6 7 -8 9 10 11 -12 -13 14 15 16 -17 18 19 20 0
uf20-0728 14712 1 2 3 -4 -5 -6 -7 -8 -9 -10 -11 12 -13 -14 -15 -16 17 18 19 20 0
uf20-0729 9 -1 -2 3 -4 5 -6 -7 -8 9 -10 -11 12 13 14 -15 -16 17 18 -19 20 0
uf20-072 22064 -1 -2 -3 -4 5 6 -7 -8 9 -10 11 12 -13 -14 15 -16 -17 18 -19 20 0
uf20-0730 32812 1 2 3 4 5 -6 -7 8 9 10 -11 -12 13 -14 15 16 -17 -18 19 20 0
uf20-0731 14716 -1 -2 3 4 -5 6 7 8 9 -10 11 -12 13 14 15 -16 17 -18 19 -20 0
uf20-0732 38243 1 2 -3 4 -5 -6 -7 8 9 10 11 -12 13 14 15 16 -17 -18 -19 -20 0
uf20-0733 14 1 2 3 4 5 -6 -7 8 -9 10 11 -12 -13 14 15 16 17 18 19 -20 0
uf20-0734 52422 1 2 -3 4 5 -6 -7 8 -9 10 11 12 13 14 15 16 17 18 -19 20 0
uf20-0735 6 1 2 3 4 -5 -6 -7 -8 -9 10 -11 -12 -13 -14 -15 -16 -17 -18 19 -20 0
uf20-0736 7362 -1 2 -3 4 5 -6 7 -8 9 -10 -11 -12 -13 14 15 -16 17 -18 19 20 0
uf20-0737 36771 1 2 3 -4 -5 -6 7 -8 -9 10 11 12 13 14 15 -16 -17 -18 -19 20 0
uf20-0738 102943 -1 2 3 4 -5 6 7 8 9 10 11 -12 13 -14 -15 16 17 18 19 20 0
uf20-0739 9812 1 -2 3 -4 5 6 7 8 -9 10 -11 -12 -13 14 15 -16 -17 -18 19 -20 0
uf20-073 7365 1 2 -3 -4 -5 6 7 -8 9 10 -11 12 13 -14 -15 16 17 18 19 20 0
uf20-0740 7362 1 2 3 -4 5 -6 -7 -8 -9 10 11 -12 -13 -14 15 -16 17 18 -19 20 0
uf20-0741 83337 1 2 3 -4 -5 6 7 8 9 -10 -11 -12 13 -14 15 -16 17 18 -19 20 0
uf20-0742 74549 1 2 3 4 5 -6 7 8 9 -10 11 -12 -13 14 15 16 17 18 19 20 0
uf20-0743 14713 -1 2 -3 4 5 -6 7 8 -9 -10 -11 -12 -13 -14 15 16 17 -18 -19 20 0
uf20-0744 23541 1 -2 3 -4 -5 6 7 8 -9 -10 -11 12 13 -14 15 16 17 18 19 20 0
uf20-0745 104413 1 -2 -3 4 5 6 7 8 -9 10 -11 12 13 -14 15 16 17 -18 -19 -20 0
uf20-0746 18918 1 2 3 4 5 6 7 8 9 10 -11 -12 -13 14 -15 -16 -17 -18 19 20 0
uf20-0747 29419 -1 -2 -3 -4 -5 6 -7 8 -9 10 11 12 13 14 15 -16 17 -18 19 20 0
uf20-0748 61453 1 -2 -3 4 5 6 7 8 9 -10 -11 -12 13 -14 -15 16 -17 18 19 -20 0
uf20-0749 17659 1 -2 3 -4 5 -6 -7 -8 9 10 -11 12 13 -14 15 16 17 18 19 20 0
uf20-074 8 1 -2 3 -4 5 -6 -7 -8 -9 10 -11 -12 -13 14 -15 16 -17 18 19 -20 0
uf20-0750 7366 1 2 3 -4 5 6 -7 -8 9 -10 11 -12 13 14 -15 16 17 18 19 20 0
uf20-0751 14716 -1 -2 3 4 5 6 7 -8 -9 -10 -11 -12 -13 14 15 16 17 -18 19 20 0
uf20-0752 33096 1 -2 3 -4 5 -6 7 8 9 10 11 -12 13 -14 -15 16 17 18 -19 -20 0
uf20-0753 50006 1 -2 -3 4 5 -6 -7 8 9 -10 -11 12 13 -14 -15 16 -17 18 -19 -20 0
uf20-0754 49777 1 2 3 -4 -5 -6 -7 -8 -9 10 11 -12 -13 -14 -15 16 17 18 19 20 0
uf20-0755 11 1 2 3 -4 5 -6 7 -8 9 10 11 -12 13 -14 15 -16 17 -18 -19 -20 0
uf20-0756 29419 1 -2 3 -4 5 -6 7 8 -9 -10 -11 12 -13 -14 15 -16 17 18 19 20 0
uf20-0757 17656 1 -2 3 -4 5 6 -7 -8 -9 10 11 -12 -13 -14 15 -16 -17 18 19 20 0
uf20-0758 71617 1 2 3 4 -5 -6 7 8 -9 10 11 12 13 -14 15 16 17 -18 -19 20 0
uf20-0759 9 1 2 3 -4 5 -6 -7 -8 9 10 11 -12 -13 -14 -15 16 17 -18 -19 -20 0
uf20-075 45961 1 2 3 -4 5 -6 -7 8 -9 10 11 -12 13 -14 15 16 -17 -18 19 -20 0
uf20-0760 80886 1 -2 3 -4 5 6 7 8 -9 10 -11 12 13 -14 -15 16 -17 18 19 20 0
uf20-0761 83717 1 2 -3 4 5 -6 7 -8 9 10 11 -12 13 14 15 16 17 -18 19 20 0
uf20-0762 14715 1 -2 3 -4 5 6 -7 8 9 -10 -11 12 13 14 -15 -16 17 -18 19 -20 0
uf20-0763 8 1 -2 -3 -4 5 6 -7 8 9 -10 -11 -12 -13 14 -15 -16 -17 18 -19 20 0
uf20-0764 11 1 -2 3 4 5 6 7 -8 -9 10 -11 -12 13 14 -15 16 -17 -18 19 -20 0
uf20-0765 36771 -1 2 3 -4 5 -6 -7 8 9 10 11 12 -13 -14 -15 16 17 -18 19 -20 0
uf20-0766 51477 1 2 -3 -4 -5 6 7 8 9 10 -11 12 13 14 15 16 -17 -18 -19 20 0
uf20-0767 30516 -1 -2 -3 4 -5 -6 7 -8 -9 10 -11 -12 13 14 15 16 17 -18 19 20 0
uf20-0768 17976 -1 -2 3 -4 -5 -6 7 -8 -9 10 11 12 13 14 -15 16 17 18 -19 20 0
uf20-0769 5898 -1 -2 3 4 5 6 -7 -8 9 10 11 12 13 14 -15 16 -17 18 -19 -20 0
uf20-076 9 -1 -2 3 -4 -5 6 7 -8 9 -10 11 -12 -13 -14 -15 16 -17 18 19 20 0
uf20-0770 12764 -1 2 3 4 -5 -6 -7 -8 9 -10 -11 12 13 14 15 -16 17 18 -19 20 0
uf20-0771 2955 1 2 3 -4 5 6 -7 8 -9 -10 11 -12 13 14 15 -16 17 18 -19 -20 0
uf20-0772 24821 -1 2 -3 -4 5 -6 7 -8 9 10 11 12 13 -14 -15 16 17 18 -19 20 0
uf20-0773 19632 1 -2 3 4 5 -6 7 8 9 10 -11 -12 -13 14 -15 -16 17 -18 19 20 0
uf20-0774 11245 1 -2 -3 4 -5 -6 -7 8 -9 -10 11 12 13 -14 15 16 -17 -18 19 20 0
uf20-0775 8 1 -2 -3 4 -5 -6 -7 -8 9 10 11 12 -13 -14 -15 16 -17 -18 -19 20 0
uf20-0776 26761 1 -2 3 4 5 -6 7 -8 9 -10 -11 12 -13 14 -15 16 -17 18 -19 -20 0
uf20-0777 2954 -1 2 -3 4 5 -6 7 -8 9 -10 11 12 -13 -14 15 16 -17 18 19 -20 0
uf20-0778 11783 1 2 -3 4 5 -6 -7 8 -9 10 11 12 -13 14 15 16 -17 18 -19 20 0
uf20-0779 10310 1 2 -3 4 -5 -6 7 8 9 -10 -11 12 -13 -14 15 -16 17 18 -19 20 0
uf20-077 26493 -1 2 3 4 5 -6 -7 -8 -9 -10 11 12 13 14 -15 -16 17 -18 -19 20 0
uf20-0780 11781 -1 -2 3 -4 -5 6 7 -8 9 10 11 -12 -13 14 15 16 -17 -18 19 -20 0
uf20-0781 2952 1 -2 -3 4 -5 -6 -7 -8 9 10 -11 -12 -13 -14 15 16 17 18 19 -20 0
uf20-0782 9 1 -2 3 -4 5 -6 7 -8 9 10 -11 -12 -13 -14 15 16 17 -18 -19 -20 0
uf20-0783 2956 -1 2 -3 4 -5 -6 7 8 9 -10 11 -12 13 14 15 16 17 -18 19 20 0
uf20-0784 20938 -1 -2 -3 4 5 6 7 -8 9 -10 -11 -12 -13 14 15 16 -17 -18 19 20 0
uf20-0785 18768 -1 -2 3 -4 -5 6 7 8 -9 10 11 12 13 -14 15 -16 17 18 -19 -20 0
uf20-0786 24375 1 -2 3 4 5 6 7 8 9 10 11 12 13 14 -15 -16 -17 -18 19 -20 0
uf20-0787 36177 1 2 -3 -4 -5 -6 7 -8 -9 10 11 -12 13 -14 15 -16 17 18 19 20 0
uf20-0788 16785 1 -2 3 4 -5 -6 7 8 9 10 -11 -12 13 14 15 16 -17 -18 19 -20 0
uf20-0789 3938 1 2 3 -4 -5 6 7 -8 9 10 11 12 -13 14 15 16 -17 18 19 -20 0
uf20-078 14728 1 -2 3 4 5 -6 7 -8 9 -10 11 12 -13 -14 15 -16 17 18 19 20 0
uf20-0790 8840 1 2 -3 4 5 -6 7 8 9 10 -11 -12 13 14 -15 16 -17 -18 -19 20 0
uf20-0791 9 -1 2 -3 4 -5 -6 -7 -8 9 10 11 12 13 14 15 -16 -17 -18 -19 -20 0
uf20-0792 29282 1 2 -3 4 -5 -6 7 8 9 -10 -11 -12 13 -14 15 16 17 -18 19 -20 0
uf20-0793 10941 -1 2 3 -4 5 -6 -7 8 9 10 11 12 13 -14 15 -16 -17 18 -19 -20 0
uf20-0794 2955 1 -2 3 4 5 -6 -7 8 9 10 11 12 -13 14 -15 16 -17 18 -19 -20 0
uf20-0795 32383 -1 2 3 -4 5 6 7 8 9 10 11 12 -13 -14 15 -16 -17 18 -19 -20 0
uf20-0796 9 -1 -2 3 -4 5 6 -7 8 -9 -10 -11 12 -13 -14 -15 -16 17 18 19 20 0
uf20-0797 29018 1 2 3 4 -5 -6 7 8 -9 10 11 -12 13 14 15 16 17 18 -19 -20 0
uf20-0798 2957 1 2 3 4 5 -6 7 -8 -9 -10 11 -12 13 14 15 16 17 18 -19 20 0
uf20-0799 17669 1 -2 3 -4 -5 6 -7 8 -9 10 11 12 -13 -14 -15 16 17 18 19 -20 0
uf20-079 20609 1 -2 3 4 5 6 -7 8 -9 10 -11 12 -13 -14 -15 -16 17 18 -19 20 0
uf20-07 22529 -1 -2 3 4 -5 -6 7 8 -9 10 -11 12 -13 14 15 -16 17 18 -19 20 0
uf20-0800 8843 1 2 3 -4 5 6 7 8 9 -10 11 12 -13 -14 -15 16 17 18 19 -20 0
uf20-0801 26500 1 2 3 -4 5 6 7 8 9 10 11 -12 -13 14 15 16 17 -18 19 -20 0
uf20-0802 10312 1 -2 -3 4 5 -6 7 -8 -9 10 -11 12 13 14 -15 16 17 18 19 20 0
uf20-0803 17666 -1 2 3 4 5 6 7 -8 9 10 -11 12 13 14 15 -16 17 -18 19 -20 0
uf20-0804 28798 1 2 3 4 -5 6 -7 8 -9 -10 11 12 13 14 -15 16 -17 -18 -19 20 0
uf20-0805 9824 -1 -2 3 -4 -5 6 7 -8 9 10 11 12 13 14 15 16 -17 18 19 20 0
uf20-0806 2955 -1 -2 -3 4 -5 -6 7 8 9 10 11 12 13 -14 15 -16 17 -18 19 20 0
uf20-0807 12516 -1 -2 -3 4 5 -6 7 8 -9 -10 11 12 -13 14 -15 16 17 -18 19 -20 0
uf20-0808 8 -1 2 3 -4 -5 -6 -7 8 -9 10 -11 -12 13 -14 15 16 -17 -18 -19 20 0
uf20-0809 32253 -1 -2 3 4 5 6 -7 8 -9 10 -11 -12 -13 14 15 16 17 18 19 20 0
uf20-080 27881 1 2 -3 4 5 6 7 8 9 10 11 12 13 -14 15 -16 -17 -18 -19 20 0
uf20-0810 40029 1 -2 -3 -4 5 6 -7 -8 9 10 11 -12 13 -14 15 16 -17 -18 19 20 0
uf20-0811 23554 1 2 3 4 -5 -6 -7 8 9 -10 11 -12 -13 14 15 16 17 18 -19 -20 0
uf20-0812 12 1 2 -3 4 5 6 7 -8 -9 -10 11 12 -13 14 -15 -16 17 18 19 -20 0
uf20-0813 37287 1 2 3 4 5 -6 7 -8 9 10 11 12 13 14 -15 -16 17 18 -19 -20 0
uf20-0814 17665 1 -2 -3 4 5 6 7 -8 -9 -10 11 -12 13 14 -15 16 -17 -18 19 -20 0
uf20-0815 10 -1 -2 3 -4 5 6 7 -8 9 -10 -11 12 13 -14 15 16 -17 -18 -19 20 0
uf20-0816 15145 1 2 3 -4 5 -6 7 -8 -9 -10 11 12 13 14 15 -16 -17 -18 19 -20 0
uf20-0817 22901 1 -2 -3 4 -5 -6 7 8 -9 -10 11 12 13 -14 -15 16 17 18 -19 20 0
uf20-0818 5895 1 -2 3 -4 -5 6 -7 -8 -9 -10 11 -12 13 -14 15 16 -17 18 19 -20 0
uf20-0819 32240 -1 2 3 -4 5 6 7 8 -9 -10 11 -12 -13 -14 15 16 17 18 19 20 0
uf20-081 2953 1 2 -3 4 -5 6 -7 -8 9 10 11 12 13 -14 -15 -16 -17 18 -19 -20 0
uf20-0820 27003 1 2 -3 -4 5 -6 7 8 9 -10 11 12 13 14 15 16 17 -18 19 -20 0
uf20-0821 14947 1 -2 3 4 -5 -6 7 8 -9 10 -11 -12 -13 14 15 -16 -17 18 -19 -20 0
uf20-0822 23402 1 -2 -3 -4 -5 -6 7 8 -9 10 11 12 -13 -14 -15 16 -17 -18 19 20 0
uf20-0823 5897 -1 -2 3 4 -5 6 -7 8 -9 10 11 -12 -13 14 -15 16 17 18 -19 20 0
uf20-0824 27478 1 -2 3 -4 -5 -6 7 -8 -9 10 11 12 13 14 -15 -16 17 18 19 20 0
uf20-0825 5894 -1 2 -3 -4 -5 6 -7 -8 -9 -10 11 -12 13 14 -15 16 17 18 19 -20 0
uf20-0826 11 1 2 3 -4 5 6 7 -8 9 -10 11 12 -13 -14 -15 -16 -17 18 -19 20 0
uf20-0827 10 1 2 -3 -4 5 6 -7 -8 9 -10 -11 12 -13 14 -15 16 -17 18 -19 20 0
uf20-0828 23134 1 -2 3 4 5 6 7 -8 9 10 11 -12 -13 14 15 16 17 -18 19 20 0
uf20-0829 5896 -1 2 -3 -4 -5 6 7 8 -9 10 11 12 -13 -14 15 -16 17 -18 19 -20 0
uf20-082 13331 1 2 3 4 5 -6 -7 -8 9 10 -11 -12 13 14 -15 16 17 18 -19 20 0
uf20-0830 2952 1 -2 -3 -4 -5 6 -7 -8 9 -10 11 -12 13 14 -15 -16 17 18 19 -20 0
uf20-0831 14728 -1 2 -3 4 -5 6 7 8 9 10 11 12 -13 -14 15 -16 17 18 -19 20 0
uf20-0832 17175 1 2 3 -4 5 -6 -7 -8 9 -10 11 -12 -13 -14 -15 16 17 -18 19 20 0
uf20-0833 28260 1 2 3 -4 5 6 7 -8 9 -10 -11 -12 -13 14 15 16 -17 18 19 -20 0
uf20-0834 8835 -1 -2 3 4 -5 -6 7 8 9 -10 -11 -12 -13 14 -15 16 17 -18 -19 -20 0
uf20-0835 22281 -1 -2 3 4 5 -6 7 8 -9 -10 11 12 13 14 15 -16 -17 18 19 20 0
uf20-0836 5896 -1 2 -3 -4 5 6 7 -8 9 10 11 -12 13 -14 -15 16 17 -18 -19 20 0
uf20-0837 12 -1 -2 3 4 5 6 7 -8 9 10 -11 12 -13 14 -15 -16 17 18 19 -20 0
uf20-0838 26492 -1 2 -3 4 -5 6 7 -8 -9 10 -11 -12 -13 -14 -15 -16 17 -18 19 20 0
uf20-0839 10311 -1 2 3 4 -5 -6 7 8 -9 10 11 12 13 -14 -15 16 -17 -18 -19 20 0
uf20-083 15707 1 2 3 4 5 -6 -7 -8 9 10 11 -12 -13 14 -15 -16 17 -18 -19 20 0
uf20-0840 11 1 -2 -3 -4 5 -6 -7 -8 -9 -10 11 12 13 -14 15 16 17 18 19 20 0
uf20-0841 3939 1 2 3 4 -5 -6 -7 8 9 10 11 12 13 14 -15 16 17 18 19 -20 0
uf20-0842 10 1 -2 3 -4 -5 6 -7 8 9 10 11 -12 -13 -14 15 16 -17 -18 -19 20 0
uf20-0843 15187 1 -2 3 4 -5 -6 -7 8 9 -10 11 -12 -13 14 -15 16 17 18 19 -20 0
uf20-0844 28136 1 -2 3 4 5 -6 7 8 9 -10 -11 12 -13 14 15 -16 17 18 19 20 0
uf20-0845 31403 1 -2 3 -4 -5 6 7 -8 9 10 -11 12 13 -14 -15 16 -17 -18 19 20 0
uf20-0846 22130 1 2 3 4 5 6 7 8 9 -10 11 12 13 -14 -15 16 17 -18 -19 20 0
uf20-0847 9820 -1 2 3 4 5 6 -7 8 9 -10 -11 12 -13 14 -15 -16 -17 18 -19 -20 0
uf20-0848 2952 1 2 -3 4 -5 6 -7 8 -9 -10 -11 12 13 -14 15 16 -17 -18 -19 -20 0
uf20-0849 9 1 -2 -3 4 -5 6 7 -8 9 -10 11 -12 -13 14 -15 -16 17 -18 -19 20 0
uf20-084 8842 -1 -2 3 4 -5 6 -7 8 9 10 -11 -12 13 14 15 -16 17 18 19 20 0
uf20-0850 12763 1 -2 -3 -4 -5 -6 -7 8 -9 -10 11 -12 13 14 15 16 -17 18 19 20 0
uf20-0851 7070 -1 2 3 -4 -5 -6 -7 -8 9 10 11 -12 -13 -14 15 -16 -17 18 19 -20 0
uf20-0852 18255 1 2 3 -4 5 -6 7 -8 -9 -10 -11 12 -13 14 -15 16 17 -18 19 -20 0
uf20-0853 2956 1 2 3 4 5 6 -7 -8 -9 10 -11 -12 13 14 -15 16 17 18 -19 20 0
uf20-0854 24862 1 -2 -3 -4 -5 6 7 -8 9 -10 -11 12 -13 -14 15 16 17 -18 19 20 0
uf20-0855 2954 -1 -2 3 4 5 6 7 8 -9 10 11 12 -13 14 -15 -16 -17 -18 19 -20 0
uf20-0856 42387 -1 -2 3 4 5 -6 7 8 9 10 11 12 13 14 15 -16 17 -18 19 -20 0
uf20-0857 14724 -1 -2 3 4 -5 6 -7 -8 -9 10 11 12 -13 14 15 -16 17 -18 -19 -20 0
uf20-0858 12 1 -2 3 4 5 -6 -7 8 -9 -10 -11 12 13 -14 15 16 17 -18 19 20 0
uf20-0859 20614 1 -2 -3 -4 5 6 -7 8 9 -10 11 12 -13 14 15 16 -17 18 19 20 0
uf20-085 2957 1 2 -3 4 -5 -6 7 8 9 10 11 12 -13 -14 15 16 17 -18 19 20 0
uf20-0860 26968 -1 -2 -3 4 5 6 -7 8 -9 -10 -11 12 13 -14 -15 16 17 -18 19 20 0
uf20-0861 46703 -1 -2 -3 4 5 -6 -7 8 9 10 11 -12 13 14 15 16 17 18 -19 20 0
uf20-0862 22290 -1 -2 3 -4 -5 6 7 -8 -9 -10 -11 12 13 14 15 16 17 -18 19 20 0
uf20-0863 7364 -1 2 -3 4 -5 6 -7 8 9 10 -11 -12 -13 -14 15 16 -17 -18 -19 -20 0
uf20-0864 11785 1 -2 3 4 -5 -6 7 8 -9 10 11 12 13 -14 15 16 -17 18 -19 20 0
uf20-0865 10014 1 2 3 4 -5 -6 -7 -8 9 -10 -11 12 -13 -14 15 16 -17 18 -19 -20 0
uf20-0866 10997 1 -2 3 -4 -5 6 -7 -8 9 10 -11 12 13 14 -15 16 17 -18 -19 20 0
uf20-0867 10 -1 2 -3 4 -5 -6 -7 8 9 10 -11 -12 -13 14 15 16 17 -18 19 -20 0
uf20-0868 30333 1 2 3 4 5 6 7 8 9 -10 -11 12 13 -14 -15 16 -17 -18 -19 20 0
uf20-0869 8837 -1 2 -3 4 -5 -6 -7 8 -9 10 11 -12 -13 14 15 -16 -17 -18 -19 20 0
uf20-086 19630 -1 2 -3 -4 5 6 7 8 9 10 -11 -12 -13 14 15 -16 17 -18 -19 -20 0
uf20-0870 12441 1 -2 3 4 5 -6 7 -8 9 10 11 12 -13 -14 15 16 17 18 19 20 0
uf20-0871 8841 1 2 -3 4 -5 6 7 8 9 10 11 12 -13 14 -15 -16 17 18 -19 -20 0
uf20-0872 18547 1 -2 3 4 -5 -6 -7 -8 -9 -10 11 12 13 14 -15 -16 17 18 -19 20 0
uf20-0873 16 1 2 3 4 5 -6 7 -8 9 10 11 -12 13 14 15 16 17 -18 19 20 0
uf20-0874 30675 1 2 3 -4 5 6 7 -8 9 10 11 12 -13 14 15 16 -17 -18 19 20 0
uf20-0875 8249 -1 -2 -3 -4 5 -6 -7 8 9 10 11 -12 13 14 -15 16 17 18 -19 -20 0
uf20-0876 15901 1 2 -3 -4 -5 -6 7 8 9 -10 -11 12 13 -14 -15 16 17 18 19 20 0
uf20-0877 2954 1 2 -3 -4 5 -6 7 8 -9 10 -11 12 -13 -14 15 16 17 -18 -19 20 0
uf20-0878 29772 -1 -2 -3 4 -5 6 7 -8 9 -10 11 12 13 -14 15 16 -17 18 19 -20 0
uf20-0879 5897 1 -2 3 -4 5 -6 -7 8 9 10 -11 12 -13 -14 -15 16 17 18 -19 20 0
uf20-087 25028 1 2 3 -4 -5 6 7 8 -9 10 11 12 13 14 15 16 -17 -18 19 20 0
uf20-0880 13548 -1 2 -3 4 5 6 -7 -8 9 10 11 12 -13 14 15 16 -17 18 -19 -20 0
uf20-0881 16 1 2 3 4 -5 6 7 -8 9 -10 11 12 13 -14 15 16 17 18 19 20 0
uf20-0882 20940 -1 -2 3 -4 5 6 -7 8 9 10 11 -12 13 14 15 -16 -17 18 19 -20 0
uf20-0883 10 -1 -2 3 -4 5 6 7 8 9 -10 11 12 13 -14 -15 16 -17 -18 -19 -20 0
uf20-0884 5896 -1 2 -3 4 5 -6 7 -8 9 -10 11 -12 13 14 -15 16 -17 -18 -19 20 0
uf20-0885 12623 1 -2 -3 4 -5 6 7 -8 9 -10 11 12 13 14 -15 -16 -17 18 19 20 0
uf20-0886 5898 1 -2 -3 4 5 -6 7 -8 -9 -10 11 12 13 14 -15 16 -17 18 19 20 0
uf20-0887 9 -1 -2 -3 4 5 -6 -7 -8 -9 10 11 12 -13 14 -15 16 17 -18 -19 20 0
uf20-0888 10802 1 -2 -3 -4 -5 6 -7 8 -9 10 -11 -12 13 14 15 16 17 18 -19 20 0
uf20-0889 9822 1 -2 -3 4 5 -6 -7 8 -9 10 -11 12 -13 -14 15 16 17 18 19 20 0
uf20-088 22646 1 -2 -3 4 -5 6 -7 8 -9 -10 11 12 13 14 15 -16 -17 18 -19 -20 0
uf20-0890 19139 1 2 3 -4 -5 -6 -7 -8 -9 -10 11 12 13 -14 15 -16 17 18 19 -20 0
uf20-0891 5896 -1 2 -3 4 5 6 7 8 -9 -10 11 12 13 -14 15 -16 -17 -18 -19 -20 0
uf20-0892 10801 -1 -2 -3 -4 5 6 -7 -8 9 10 11 -12 13 -14 15 16 17 18 -19 -20 0
uf20-0893 7 -1 2 3 -4 -5 6 -7 -8 -9 -10 11 -12 -13 -14 15 16 -17 -18 19 -20 0
uf20-0894 5898 1 2 3 4 -5 6 -7 8 -9 10 -11 -12 -13 14 -15 -16 17 18 19 20 0
uf20-0895 10938 1 -2 -3 4 5 -6 7 -8 -9 -10 -11 -12 -13 14 15 16 -17 -18 19 -20 0
uf20-0896 5 -1 -2 -3 4 5 -6 -7 8 9 -10 -11 -12 -13 14 -15 -16 -17 -18 -19 -20 0
uf20-0897 10313 1 2 3 4 5 -6 7 8 -9 -10 11 -12 13 14 15 -16 -17 18 19 -20 0
uf20-0898 28785 -1 -2 -3 -4 5 -6 -7 -8 9 -10 11 12 13 -14 15 -16 17 18 19 -20 0
uf20-0899 11785 1 2 -3 -4 5 6 -7 8 9 10 -11 12 13 -14 15 16 -17 18 19 20 0
uf20-089 15562 1 -2 -3 4 5 -6 7 -8 9 -10 -11 12 -13 -14 -15 -16 -17 -18 19 20 0
uf20-08 8835 -1 -2 3 4 -5 6 -7 -8 9 -10 11 -12 13 -14 -15 -16 -17 -18 -19 20 0
uf20-0900 25189 1 -2 3 4 5 -6 -7 -8 9 10 11 12 13 -14 -15 -16 17 18 -19 -20 0
uf20-0901 2957 1 2 3 -4 5 -6 -7 8 9 10 -11 12 13 14 -15 16 17 -18 19 20 0
uf20-0902 16463 -1 2 3 4 5 -6 -7 -8 9 10 -11 12 13 -14 15 16 -17 -18 -19 20 0
uf20-0903 6181 -1 -2 3 4 5 6 -7 8 -9 10 -11 12 -13 14 15 16 -17 -18 -19 20 0
uf20-0904 7416 1 -2 3 4 5 -6 -7 8 9 -10 -11 12 13 -14 -15 16 -17 18 19 20 0
uf20-0905 23960 -1 -2 3 -4 5 6 -7 8 9 -10 -11 12 13 14 -15 -16 -17 18 19 20 0
uf20-0906 24689 1 2 3 -4 -5 6 -7 -8 -9 -10 11 12 -13 -14 -15 16 17 -18 19 20 0
uf20-0907 14662 -1 2 3 -4 -5 6 7 -8 -9 10 11 -12 -13 -14 15 16 -17 -18 19 20 0
uf20-0908 3091 -1 -2 -3 4 -5 6 -7 -8 9 -10 11 -12 -13 -14 15 -16 -17 18 -19 -20 0
uf20-0909 11117 -1 2 3 -4 5 -6 7 8 -9 10 -11 12 13 14 -15 -16 -17 18 -19 20 0
uf20-090 29093 1 -2 3 4 5 -6 -7 8 9 10 -11 -12 13 -14 -15 16 17 18 -19 20 0
uf20-0910 20890 1 2 3 -4 5 -6 -7 8 9 -10 -11 12 -13 14 -15 -16 -17 18 19 -20 0
uf20-0911 23689 -1 2 3 -4 5 6 -7 8 9 10 11 12 -13 14 15 16 -17 -18 19 -20 0
uf20-0912 6180 1 2 3 -4 -5 6 -7 8 9 -10 11 -12 -13 14 15 -16 -17 18 19 -20 0
uf20-0913 21059 1 -2 3 4 -5 6 7 8 -9 -10 -11 -12 -13 14 15 16 -17 18 -19 -20 0
uf20-0914 3097 1 -2 3 4 5 6 -7 -8 9 -10 11 12 13 -14 15 -16 17 -18 -19 20 0
uf20-0915 10977 -1 2 -3 -4 5 6 -7 8 -9 10 11 12 -13 14 15 16 17 -18 -19 -20 0
uf20-0916 9268 1 2 -3 4 -5 -6 7 8 -9 10 11 12 -13 14 15 16 17 18 19 -20 0
uf20-0917 14201 1 2 -3 -4 -5 -6 7 -8 -9 10 11 12 13 -14 -15 -16 -17 18 19 20 0
uf20-0918 4122 1 2 -3 -4 -5 6 -7 8 -9 10 11 -12 -13 -14 -15 16 -17 18 -19 20 0
uf20-0919 21606 -1 2 -3 4 5 6 7 -8 9 10 11 12 -13 -14 -15 -16 17 18 19 -20 0
uf20-091 7 -1 -2 -3 4 5 -6 -7 -8 -9 -10 -11 -12 13 -14 15 16 -17 -18 19 20 0
uf20-0920 17291 1 2 3 4 -5 6 -7 8 -9 10 11 -12 13 14 -15 16 17 18 19 20 0
uf20-0921 22045 1 -2 3 -4 5 -6 7 -8 9 10 -11 12 13 14 15 -16 -17 18 19 20 0
uf20-0922 6184 1 2 -3 4 5 6 -7 8 -9 -10 11 -12 13 14 15 16 -17 18 19 20 0
uf20-0923 18078 1 2 3 -4 -5 -6 7 8 9 10 11 12 13 -14 -15 16 17 -18 19 -20 0
uf20-0924 13 -1 2 3 4 5 6 7 8 -9 -10 -11 12 -13 14 15 16 17 -18 -19 20 0
uf20-0925 23948 -1 2 3 4 5 6 7 -8 9 -10 11 -12 -13 14 15 -16 -17 -18 19 -20 0
uf20-0926 12350 -1 2 3 4 -5 -6 7 -8 9 -10 -11 12 13 14 15 -16 -17 -18 19 20 0
uf20-0927 9266 -1 2 -3 4 5 -6 7 -8 -9 -10 11 12 -13 14 15 16 -17 18 19 20 0
uf20-0928 3094 -1 2 -3 4 -5 -6 -7 8 9 -10 11 12 -13 -14 -15 -16 17 18 -19 20 0
uf20-0929 6180 -1 2 -3 -4 5 -6 7 -8 9 -10 11 12 13 -14 15 16 -17 -18 -19 20 0
uf20-092 6183 1 -2 3 4 5 -6 7 8 -9 -10 11 12 13 14 15 16 17 -18 -19 -20 0
uf20-0930 3094 -1 2 3 -4 -5 -6 7 -8 9 -10 11 -12 -13 14 -15 -16 -17 18 19 20 0
uf20-0931 10811 -1 2 3 4 -5 6 7 8 9 10 11 12 13 -14 -15 16 -17 -18 19 20 0
uf20-0932 37029 1 2 3 4 5 -6 7 8 9 -10 11 12 13 -14 -15 16 -17 18 -19 20 0
uf20-0933 10807 -1 2 3 4 5 6 -7 -8 9 -10 -11 -12 -13 14 15 -16 17 -18 -19 20 0
uf20-0934 10979 1 -2 3 4 5 -6 7 8 9 -10 11 -12 13 14 15 16 -17 -18 19 -20 0
uf20-0935 14824 1 -2 3 4 5 6 -7 8 -9 -10 11 12 13 14 15 16 17 18 19 20 0
uf20-0936 11 -1 -2 3 4 5 -6 -7 8 9 10 11 12 -13 -14 -15 16 17 -18 19 -20 0
uf20-0937 9 -1 -2 -3 4 -5 -6 7 8 -9 10 -11 12 -13 -14 15 16 -17 -18 19 20 0
uf20-0938 14 -1 2 -3 4 5 -6 7 8 -9 10 11 12 13 14 -15 16 17 -18 19 20 0
uf20-0939 13379 -1 2 3 -4 5 -6 7 8 9 -10 11 12 -13 14 -15 16 -17 -18 19 20 0
uf20-093 22631 -1 2 3 4 -5 -6 -7 -8 -9 -10 -11 12 13 14 15 -16 -17 18 19 20 0
uf20-0940 11790 -1 2 3 4 5 -6 7 -8 -9 10 -11 12 13 -14 15 16 17 -18 19 -20 0
uf20-0941 16702 -1 2 3 -4 -5 -6 -7 8 -9 10 -11 -12 13 14 15 16 -17 -18 -19 20 0
uf20-0942 31478 1 2 -3 4 -5 6 7 8 9 -10 11 -12 13 -14 15 -16 17 18 19 20 0
uf20-0943 8 -1 2 -3 4 5 -6 7 -8 -9 -10 -11 12 -13 14 15 16 -17 -18 -19 -20 0
uf20-0944 6178 -1 2 3 4 5 -6 -7 -8 -9 -10 -11 -12 13 -14 15 16 -17 -18 19 -20 0
uf20-0945 3094 -1 2 -3 4 5 6 -7 -8 9 -10 -11 -12 13 14 -15 -16 17 -18 -19 20 0
uf20-0946 13671 1 -2 3 -4 5 6 7 -8 9 -10 11 12 13 -14 -15 -16 17 18 19 20 0
uf20-0947 49809 1 -2 3 4 -5 -6 7 8 9 10 11 12 13 14 -15 16 17 18 -19 20 0
uf20-0948 3098 -1 2 3 -4 -5 -6 7 8 -9 10 11 12 13 14 15 -16 17 18 19 -20 0
uf20-0949 21162 1 2 -3 -4 -5 -6 7 -8 9 -10 11 -12 13 14 -15 -16 17 18 19 -20 0
uf20-094 3096 1 2 3 -4 5 -6 -7 8 -9 10 11 -12 13 -14 -15 16 17 18 -19 -20 0
uf20-0950 11 1 -2 3 -4 5 6 7 8 -9 -10 -11 12 13 14 -15 -16 17 -18 -19 20 0
uf20-0951 30585 -1 -2 3 4 -5 -6 -7 -8 9 -10 -11 12 13 14 15 -16 -17 -18 19 20 0
uf20-0952 19755 1 -2 3 4 5 6 -7 8 9 -10 11 12 13 -14 -15 -16 -17 18 -19 -20 0
uf20-0953 25014 -1 -2 3 4 5 6 7 -8 9 -10 11 12 -13 -14 15 16 17 18 19 -20 0
uf20-0954 11 -1 2 3 -4 5 6 -7 -8 -9 10 -11 12 13 14 15 -16 17 -18 -19 20 0
uf20-0955 22425 1 2 3 4 -5 -6 7 -8 -9 -10 -11 -12 13 14 15 16 -17 18 -19 20 0
uf20-0956 4124 -1 2 -3 4 -5 6 -7 -8 9 -10 11 -12 -13 14 -15 16 17 18 19 20 0
uf20-0957 8236 -1 -2 3 -4 5 -6 7 -8 9 -10 -11 -12 -13 14 15 16 17 18 -19 20 0
uf20-0958 7412 -1 -2 3 4 -5 6 -7 -8 -9 10 -11 -12 -13 14 15 16 -17 -18 -19 20 0
uf20-0959 26231 -1 2 -3 4 5 6 7 8 -9 -10 11 -12 13 -14 15 16 -17 18 -19 20 0
uf20-095 6184 1 -2 3 -4 -5 -6 7 8 9 10 11 12 13 14 15 16 17 18 -19 20 0
uf20-0960 10 1 -2 3 4 -5 6 7 8 9 -10 -11 -12 -13 14 15 -16 -17 -18 19 -20 0
uf20-0961 18515 1 -2 -3 4 -5 6 7 8 9 -10 -11 -12 -13 -14 -15 -16 17 18 -19 -20 0
uf20-0962 8 1 2 -3 4 -5 6 -7 -8 9 -10 -11 -12 -13 14 15 -16 -17 -18 -19 20 0
uf20-0963 13892 1 -2 -3 4 5 -6 -7 8 9 -10 11 -12 13 -14 15 16 -17 18 -19 20 0
uf20-0964 32133 1 -2 -3 4 5 6 -7 8 -9 10 -11 -12 13 14 15 16 17 -18 -19 20 0
uf20-0965 26101 1 -2 -3 4 5 -6 7 8 -9 10 11 12 -13 14 15 -16 -17 18 -19 20 0
uf20-0966 19290 -1 -2 3 4 -5 -6 -7 8 9 -10 11 -12 13 14 -15 16 17 18 19 20 0
uf20-0967 10297 -1 2 3 -4 5 6 7 -8 -9 -10 11 12 13 14 15 16 17 18 19 20 0
uf20-0968 31630 1 2 3 -4 5 -6 -7 -8 9 10 11 -12 -13 14 -15 16 17 18 19 -20 0
uf20-0969 7414 -1 2 3 4 5 6 -7 8 -9 -10 -11 12 -13 -14 -15 -16 -17 18 19 20 0
uf20-096 8 -1 2 -3 4 -5 6 -7 8 -9 -10 11 -12 -13 -14 15 16 17 -18 -19 -20 0
uf20-0970 15434 1 -2 3 -4 5 -6 7 -8 9 -10 -11 -12 13 -14 15 16 -17 18 19 20 0
uf20-0971 13 1 -2 -3 4 5 -6 -7 8 9 10 11 12 -13 -14 -15 16 17 18 19 20 0
uf20-0972 8 1 -2 -3 -4 -5 6 -7 -8 -9 -10 -11 12 -13 14 15 16 -17 -18 19 20 0
uf20-0973 3096 -1 2 -3 4 5 -6 7 -8 9 -10 -11 -12 13 14 15 16 17 -18 -19 20 0
uf20-0974 6179 1 -2 -3 4 5 6 -7 -8 -9 -10 -11 -12 -13 14 15 -16 17 -18 19 20 0
uf20-0975 14066 1 -2 3 4 5 -6 -7 -8 9 10 -11 12 13 -14 -15 16 17 18 19 20 0
uf20-0976 3093 -1 -2 3 -4 -5 -6 -7 8 9 -10 -11 -12 13 14 -15 16 -17 -18 19 20 0
uf20-0977 3095 1 2 -3 4 5 6 7 -8 -9 -10 -11 -12 13 -14 15 -16 17 -18 -19 20 0
uf20-0978 11 1 -2 -3 4 5 -6 7 8 -9 -10 -11 12 -13 14 15 -16 17 -18 19 20 0
uf20-0979 12 1 -2 3 4 5 6 -7 -8 9 10 11 12 -13 14 -15 16 17 -18 -19 -20 0
uf20-097 10806 1 2 3 -4 5 -6 7 -8 9 10 -11 -12 -13 -14 15 16 -17 -18 -19 -20 0
uf20-0980 7 1 -2 3 -4 -5 6 -7 8 9 -10 -11 -12 -13 14 -15 16 -17 -18 -19 -20 0
uf20-0981 9883 -1 2 3 -4 5 6 -7 8 -9 10 11 12 -13 -14 15 16 -17 18 -19 -20 0
uf20-0982 15436 1 -2 3 4 5 -6 -7 8 -9 10 11 -12 -13 14 -15 16 -17 18 -19 20 0
uf20-0983 15432 1 2 -3 -4 5 -6 7 -8 -9 10 -11 -12 -13 14 -15 16 17 -18 -19 20 0
uf20-0984 9 1 -2 -3 -4 5 -6 7 8 -9 -10 11 -12 13 -14 -15 -16 17 18 19 -20 0
uf20-0985 3096 1 -2 3 4 5 -6 -7 -8 9 -10 11 12 -13 14 -15 -16 17 -18 19 20 0
uf20-0986 20575 1 2 -3 4 5 6 -7 -8 -9 -10 11 12 13 -14 15 -16 -17 18 -19 -20 0
uf20-0987 15433 -1 2 -3 4 5 -6 7 8 9 10 11 -12 13 -14 -15 16 -17 18 -19 -20 0
uf20-0988 17548 -1 2 3 4 5 6 -7 8 -9 10 11 12 -13 -14 15 16 17 18 19 20 0
uf20-0989 19752 -1 -2 -3 -4 5 6 7 8 -9 10 -11 -12 -13 -14 -15 -16 17 -18 19 20 0
uf20-098 22224 1 2 -3 -4 -5 -6 -7 8 9 10 11 -12 13 14 15 -16 17 -18 19 20 0
uf20-0990 7210 1 -2 3 4 5 6 7 8 -9 10 11 -12 13 -14 -15 16 17 18 -19 20 0
uf20-0991 38709 1 -2 -3 -4 5 6 -7 8 -9 10 11 12 13 14 -15 16 -17 18 19 20 0
uf20-0992 6178 1 -2 -3 4 -5 6 -7 -8 -9 -10 11 12 -13 -14 15 -16 -17 18 19 -20 0
uf20-0993 3096 1 2 3 -4 -5 6 7 8 -9 -10 -11 12 -13 -14 -15 -16 17 18 19 20 0
uf20-0994 26011 -1 -2 3 4 5 6 7 -8 9 10 11 12 -13 -14 15 -16 17 18 19 -20 0
uf20-0995 6181 -1 2 3 4 -5 6 7 -8 9 10 11 -12 -13 14 15 16 -17 18 -19 -20 0
uf20-0996 7413 1 -2 -3 -4 -5 -6 -7 8 -9 10 11 -12 13 14 -15 16 -17 18 19 -20 0
uf20-0997 40398 -1 2 3 -4 5 6 7 8 -9 10 11 12 13 -14 15 16 -17 18 -19 20 0
uf20-0998 14996 -1 2 -3 4 -5 6 7 8 9 10 11 -12 13 -14 15 16 17 18 -19 20 0
uf20-0999 20396 1 -2 3 4 5 -6 7 8 9 -10 -11 12 13 -14 15 -16 17 -18 19 20 0
uf20-099 26997 1 -2 3 4 -5 -6 7 -8 -9 -10 -11 -12 -13 -14 -15 -16 17 -18 -19 20 0
uf20-09 11 -1 2 3 -4 -5 6 -7 8 -9 10 11 12 13 -14 15 16 17 -18 -19 -20 0
